-1.790400 28.187600 0.760000 28.187600 0.761200 50
-1.985518 2.928626 0.985335 2.928626 0.985406 850
-1.989333 2.386335 -0.988230 2.386335 0.988230 1650
-1.991902 1.618334 -0.991841 1.618334 0.991841 2450
-1.993255 1.224520 -0.993682 1.224520 0.993682 3250
-1.993679 0.955064 -0.994472 0.955064 0.994472 4050
-1.994328 0.799080 -0.995281 0.799080 0.995281 4850
-1.994347 1.019254 0.994842 1.019254 0.994844 5650
-1.994727 0.893897 0.995401 0.893897 0.995402 6450
-1.995986 0.232756 0.998191 0.232756 0.998191 7250
-1.995163 0.730126 0.995927 0.730126 0.995928 8050
-1.993341 1.429912 -0.992738 1.429912 0.992738 8850
-1.993117 2.194424 -0.990754 2.194424 0.990754 9650
-1.996187 0.174099 0.998374 0.174099 0.998374 10450
-1.975947 27.811177 -0.923952 27.811177 0.938120 11250
-1.996212 0.202898 -0.998343 0.202898 0.998343 12050
-1.988108 7.380367 0.973821 7.380367 0.973821 12850
-1.987478 18.675747 0.959378 18.675747 0.974527 13650
-1.996615 0.133681 0.998611 0.133681 0.998611 14450
-1.996294 0.205707 -0.998372 0.205707 0.998372 15250
-1.996096 0.465221 0.997345 0.465221 0.997348 16050
-1.986617 10.640850 -0.966429 10.640850 0.967734 16850
-1.996612 0.057086 -0.998937 0.057086 0.998939 17650
-1.994808 1.320449 0.994357 1.320449 0.994447 18450
-1.990823 4.730965 0.982590 4.730965 0.982590 19250
-1.996524 0.116801 0.998579 0.116801 0.998579 20050
-1.981974 11.996412 0.956643 11.996412 0.956752 20850
-1.972032 35.175315 -0.902652 35.175315 0.914967 21650
-1.996252 0.332507 -0.997855 0.332507 0.997855 22450
-1.996517 0.135323 -0.998582 0.135323 0.998582 23250
-1.995627 0.874158 0.996099 0.874158 0.996099 24050
-1.996457 0.221958 0.998300 0.221958 0.998300 24850
-1.996878 0.040562 0.999045 0.040562 0.999045 25650
-1.996959 0.044730 -0.999077 0.044730 0.999077 26450
-1.996332 0.356043 -0.997954 0.356043 0.997956 27250
-1.996817 0.119611 0.998704 0.119611 0.998704 28050
-1.991910 5.968296 0.981977 5.968296 0.982476 28850
-1.991398 4.643457 0.983920 4.643457 0.984555 29650
-1.995793 0.619292 0.996624 0.619292 0.996626 30450
-1.996425 0.286905 0.998225 0.286905 0.998226 31250
-1.996499 0.150086 0.998554 0.150086 0.998554 32050
-1.996678 0.110954 0.998736 0.110954 0.998737 32850
-1.996103 0.419565 0.997463 0.419565 0.997463 33650
-1.996746 0.118898 -0.998748 0.118898 0.998748 34450
-1.996887 0.089847 0.998834 0.089847 0.998834 35250
-1.996072 0.633990 -0.997281 0.633990 0.997294 36050
-1.996541 0.343467 -0.998178 0.343467 0.998215 36850
-1.996970 0.028201 -0.999134 0.028201 0.999134 37650
-1.996804 0.158409 0.998713 0.158409 0.998713 38450
-1.996805 0.057381 -0.998973 0.057381 0.998973 39250
-1.984563 13.935213 -0.957554 13.935213 0.960472 40050
-1.997026 0.021154 -0.999157 0.021154 0.999157 40850
-1.996811 0.101070 0.998865 0.101070 0.998865 41650
-1.997067 0.037626 -0.999135 0.037626 0.999135 42450
-1.996769 0.124353 0.998798 0.124353 0.998800 43250
-1.996915 0.045535 0.999024 0.045535 0.999024 44050
-1.996754 0.150980 -0.998675 0.150980 0.998675 44850
-1.996982 0.056207 -0.999045 0.056207 0.999045 45650
-1.996845 0.085917 -0.998883 0.085917 0.998884 46450
-1.996661 0.211526 -0.998461 0.211526 0.998475 47250
-1.997040 0.061195 -0.999055 0.061195 0.999055 48050
-1.996920 0.065621 -0.998962 0.065621 0.998963 48850
-1.992377 4.857177 -0.984624 4.857177 0.985229 49650
-1.997005 0.031789 -0.999098 0.031789 0.999098 50450
-1.996792 0.182204 -0.998668 0.182204 0.998671 51250
-1.997060 0.022008 0.999185 0.022008 0.999185 52050
-1.996930 0.089666 0.998890 0.089666 0.998890 52850
-1.996994 0.016411 -0.999182 0.016411 0.999182 53650
-1.996943 0.038650 0.999066 0.038650 0.999066 54450
-1.997046 0.029924 -0.999139 0.029924 0.999140 55250
-1.995240 1.212693 0.994598 1.212693 0.994607 56050
-1.996919 0.043132 -0.999047 0.043132 0.999047 56850
-1.996966 0.025102 0.999130 0.025102 0.999130 57650
-1.996894 0.123559 -0.998818 0.123559 0.998818 58450
-1.996885 0.101025 0.998862 0.101025 0.998862 59250
-1.990422 8.988599 -0.975408 8.988599 0.978937 60050
-1.993505 5.236114 -0.985872 5.236114 0.987376 60850
-1.997067 0.015809 -0.999206 0.015809 0.999206 61650
-1.996952 0.049176 0.999000 0.049176 0.999000 62450
-1.996949 0.072681 -0.998972 0.072681 0.998972 63250
-1.990480 8.833029 -0.975322 8.833029 0.977410 64050
-1.996944 0.048399 -0.999064 0.048399 0.999064 64850
-1.992200 4.747525 0.984288 4.747525 0.984427 65650
-1.996941 0.136323 -0.998829 0.136323 0.998829 66450
-1.996861 0.099414 0.998866 0.099414 0.998866 67250
-1.997000 0.025978 -0.999128 0.025978 0.999128 68050
-1.997004 0.072168 -0.999011 0.072168 0.999011 68850
-1.997147 0.010288 0.999236 0.010288 0.999236 69650
-1.996770 0.171550 0.998615 0.171550 0.998618 70450
-1.996603 0.307794 0.998232 0.307794 0.998253 71250
-1.996910 0.123321 0.998801 0.123321 0.998802 72050
-1.996845 0.163744 -0.998697 0.163744 0.998697 72850
-1.996983 0.028277 -0.999103 0.028277 0.999103 73650
-1.996986 0.063407 -0.999000 0.063407 0.999001 74450
-1.996089 0.587551 -0.996971 0.587551 0.996973 75250
-1.996957 0.040814 -0.999060 0.040814 0.999060 76050
-1.996996 0.024016 0.999138 0.024016 0.999138 76850
-1.996979 0.034704 0.999099 0.034704 0.999100 77650
-1.996961 0.027114 0.999138 0.027114 0.999138 78450
-1.996592 0.258771 0.998221 0.258771 0.998225 79250
