-1.571800 3.694656 0.084400 3.694656 0.107600 50
-1.743400 8.074198 0.064724 8.074198 0.127981 1050
-1.747015 6.332994 0.047593 6.332994 0.107656 2050
-1.754859 20.384620 0.140339 20.384620 0.182192 3050
-1.814667 70.220062 0.352410 70.220062 0.383928 4050
-1.758059 38.898288 -0.051381 38.898288 0.231656 5050
-1.994544 1.085686 -0.994868 1.085686 0.994868 6050
-1.994871 0.932847 -0.995481 0.932847 0.995481 7050
-1.994529 0.983020 -0.994976 0.983020 0.994976 8050
-1.995550 0.301034 0.997729 0.301034 0.997733 9050
-1.995843 0.374116 0.997763 0.374116 0.997765 10050
-1.995424 0.929671 -0.996047 0.929671 0.996073 11050
-1.996119 0.277383 0.997998 0.277383 0.997998 12050
-1.996208 0.344796 0.997802 0.344796 0.997818 13050
-1.995820 0.390840 -0.997474 0.390840 0.997474 14050
-1.996078 0.381607 0.997789 0.381607 0.997795 15050
-1.996507 0.159463 0.998508 0.159463 0.998508 16050
-1.995259 0.709886 0.995904 0.709886 0.995904 17050
-1.996286 0.417325 0.997612 0.417325 0.997612 18050
-1.982896 12.609958 -0.956972 12.609958 0.957067 19050
-1.990932 5.520039 -0.981615 5.520039 0.981637 20050
-1.996539 0.190406 -0.998383 0.190406 0.998383 21050
-1.985294 22.472300 -0.949353 22.472300 0.966238 22050
-1.996436 0.328526 0.998010 0.328526 0.998010 23050
-1.996573 0.115448 -0.998668 0.115448 0.998668 24050
-1.996569 0.144095 0.998631 0.144095 0.998631 25050
-1.995779 0.487094 0.996873 0.487094 0.996874 26050
-1.996626 0.212321 0.998333 0.212321 0.998333 27050
-1.996753 0.104372 -0.998730 0.104372 0.998730 28050
-1.996330 0.420606 -0.997825 0.420606 0.997864 29050
