-2.038200 -8.150700 1.019500 -8.150700 1.019500 50
-2.000294 -0.469656 1.000659 -0.469656 1.000659 850
-1.998048 -0.240530 0.999809 -0.240530 0.999809 1650
-1.997612 -0.161395 0.999600 -0.161395 0.999600 2450
-1.997609 -0.121300 0.999548 -0.121300 0.999548 3250
-1.997504 -0.097052 0.999491 -0.097052 0.999491 4050
-1.997159 -0.080661 0.999376 -0.080661 0.999376 4850
-1.997313 -0.069024 0.999399 -0.069024 0.999399 5650
-1.997332 -0.060319 0.999395 -0.060319 0.999395 6450
-1.997549 -0.053533 0.999442 -0.053533 0.999442 7250
-1.997574 -0.048183 0.999442 -0.048183 0.999442 8050
-1.997531 -0.043647 0.999425 -0.043647 0.999425 8850
-1.997266 -0.039798 0.999353 -0.039798 0.999353 9650
-1.997356 -0.036701 0.999371 -0.036701 0.999371 10450
-1.997224 -0.033878 0.999333 -0.033878 0.999333 11250
-1.997263 -0.031572 0.999344 -0.031572 0.999344 12050
-1.997065 -0.029392 0.999290 -0.029392 0.999290 12850
-1.997382 -0.027728 0.999368 -0.027728 0.999368 13650
-1.997262 -0.026043 0.999333 -0.026043 0.999333 14450
-1.997220 -0.024610 0.999322 -0.024610 0.999322 15250
-1.997224 -0.023226 0.999320 -0.023226 0.999320 16050
-1.997112 -0.022048 0.999291 -0.022048 0.999291 16850
-1.997389 -0.021141 0.999364 -0.021141 0.999364 17650
-1.997336 -0.020085 0.999346 -0.020085 0.999346 18450
-1.997262 -0.019151 0.999330 -0.019151 0.999330 19250
-1.997307 -0.018407 0.999337 -0.018407 0.999337 20050
-1.997296 -0.017662 0.999337 -0.017662 0.999337 20850
-1.997186 -0.016844 0.999306 -0.016844 0.999306 21650
-1.997341 -0.016264 0.999344 -0.016264 0.999344 22450
-1.997185 -0.015586 0.999303 -0.015586 0.999303 23250
-1.997335 -0.015129 0.999342 -0.015129 0.999342 24050
-1.997225 -0.014507 0.999314 -0.014507 0.999314 24850
-1.997371 -0.014127 0.999352 -0.014127 0.999352 25650
-1.997314 -0.013543 0.999333 -0.013543 0.999333 26450
-1.997252 -0.013111 0.999319 -0.013111 0.999319 27250
-1.997338 -0.012728 0.999339 -0.012728 0.999339 28050
-1.997211 -0.012267 0.999305 -0.012267 0.999305 28850
-1.997290 -0.011996 0.999328 -0.011996 0.999328 29650
-1.997201 -0.011548 0.999305 -0.011548 0.999305 30450
-1.997212 -0.011181 0.999303 -0.011181 0.999303 31250
-1.997122 -0.010794 0.999279 -0.010794 0.999279 32050
-1.997220 -0.010571 0.999305 -0.010571 0.999305 32850
-1.997151 -0.010271 0.999287 -0.010271 0.999287 33650
-1.997221 -0.010021 0.999306 -0.010021 0.999306 34450
-1.997227 -0.009754 0.999307 -0.009754 0.999307 35250
-1.997227 -0.009506 0.999305 -0.009506 0.999305 36050
-1.997180 -0.009249 0.999293 -0.009249 0.999293 36850
-1.997220 -0.009043 0.999305 -0.009043 0.999305 37650
-1.997231 -0.008822 0.999306 -0.008822 0.999306 38450
-1.997339 -0.008663 0.999334 -0.008663 0.999334 39250
-1.997110 -0.008317 0.999274 -0.008317 0.999274 40050
-1.997217 -0.008227 0.999303 -0.008227 0.999303 40850
-1.997239 -0.008019 0.999306 -0.008019 0.999306 41650
-1.997238 -0.007859 0.999307 -0.007859 0.999307 42450
-1.997090 -0.007594 0.999269 -0.007594 0.999269 43250
-1.997114 -0.007431 0.999274 -0.007431 0.999274 44050
-1.997211 -0.007343 0.999301 -0.007343 0.999301 44850
-1.997258 -0.007213 0.999311 -0.007213 0.999311 45650
-1.997248 -0.007076 0.999308 -0.007076 0.999308 46450
-1.997265 -0.006928 0.999315 -0.006928 0.999315 47250
-1.997286 -0.006827 0.999320 -0.006827 0.999320 48050
-1.997199 -0.006598 0.999295 -0.006598 0.999295 48850
-1.997173 -0.006486 0.999289 -0.006486 0.999289 49650
-1.997212 -0.006365 0.999299 -0.006365 0.999299 50450
-1.997194 -0.006220 0.999293 -0.006220 0.999293 51250
-1.997177 -0.006102 0.999290 -0.006102 0.999290 52050
-1.997212 -0.006021 0.999301 -0.006021 0.999301 52850
-1.997124 -0.005849 0.999277 -0.005849 0.999277 53650
-1.997177 -0.005776 0.999291 -0.005776 0.999291 54450
-1.997251 -0.005709 0.999307 -0.005709 0.999307 55250
-1.997101 -0.005514 0.999270 -0.005514 0.999270 56050
-1.997243 -0.005483 0.999306 -0.005483 0.999306 56850
-1.997133 -0.005272 0.999274 -0.005272 0.999274 57650
-1.997202 -0.005274 0.999295 -0.005274 0.999295 58450
-1.997222 -0.005214 0.999302 -0.005214 0.999302 59250
-1.997138 -0.005043 0.999278 -0.005043 0.999278 60050
-1.997172 -0.004975 0.999287 -0.004975 0.999287 60850
-1.997222 -0.004936 0.999300 -0.004936 0.999300 61650
-1.997204 -0.004807 0.999293 -0.004807 0.999293 62450
-1.997183 -0.004762 0.999290 -0.004762 0.999290 63250
-1.997203 -0.004665 0.999292 -0.004665 0.999292 64050
-1.997248 -0.004630 0.999306 -0.004630 0.999306 64850
-1.997220 -0.004507 0.999297 -0.004507 0.999297 65650
-1.997207 -0.004445 0.999295 -0.004445 0.999295 66450
-1.997209 -0.004391 0.999296 -0.004391 0.999296 67250
-1.997159 -0.004301 0.999283 -0.004301 0.999283 68050
-1.997081 -0.004180 0.999264 -0.004180 0.999264 68850
-1.997150 -0.004132 0.999278 -0.004132 0.999278 69650
-1.997124 -0.004052 0.999273 -0.004052 0.999273 70450
-1.997236 -0.004037 0.999302 -0.004037 0.999302 71250
-1.997226 -0.004012 0.999301 -0.004012 0.999301 72050
-1.997226 -0.003944 0.999299 -0.003944 0.999299 72850
-1.997128 -0.003810 0.999273 -0.003810 0.999273 73650
-1.997265 -0.003858 0.999309 -0.003858 0.999309 74450
-1.997194 -0.003764 0.999292 -0.003764 0.999292 75250
-1.997216 -0.003700 0.999297 -0.003700 0.999297 76050
-1.997286 -0.003684 0.999314 -0.003684 0.999314 76850
-1.997086 -0.003536 0.999263 -0.003536 0.999263 77650
-1.997126 -0.003487 0.999274 -0.003487 0.999274 78450
-1.997222 -0.003514 0.999298 -0.003514 0.999298 79250
