-1.230200 1.169294 -0.519600 1.169294 5459.000000 50
-1.252753 17.329950 -0.248065 17.329950 89014.000000 850
-1.242018 15.973627 -0.209297 15.973627 176430.000000 1650
-1.240404 13.016342 -0.282082 13.016342 262243.000000 2450
-1.241803 8.502593 0.370126 8.502593 347360.000000 3250
-1.258205 7.871220 0.420090 7.871220 423069.000000 4050
-1.249111 8.181719 0.394252 8.181719 513330.000000 4850
-1.244653 19.177119 -0.020374 19.177119 602296.000000 5650
-1.238957 18.528584 0.031198 18.528584 691845.000000 6450
-1.252858 16.674842 0.216693 16.674842 765279.000000 7250
-1.240744 17.844083 0.108350 17.844083 862891.000000 8050
-1.246128 18.566883 -0.111183 18.566883 940363.000000 8850
-1.246990 17.754493 0.136585 17.754493 1025015.000000 9650
-1.227609 15.449303 -0.173209 15.449303 1138743.000000 10450
-1.219316 14.215868 0.158898 14.215868 1242575.000000 11250
-1.235460 17.722177 -0.005094 17.722177 1300686.000000 12050
-1.221174 15.679152 -0.042567 15.679152 1414952.000000 12850
-1.238677 17.910211 -0.087929 17.910211 1467130.000000 13650
-1.238201 17.718590 -0.043046 17.718590 1552431.000000 14450
-1.233466 17.147772 -0.090012 17.147772 1649885.000000 15250
-1.237657 18.223336 0.026331 18.223336 1729151.000000 16050
-1.234847 17.698745 0.014549 17.698745 1819565.000000 16850
-1.228576 12.750589 -0.239699 12.750589 1922736.000000 17650
-1.241624 17.774096 0.066307 17.774096 1975284.000000 18450
-1.220190 13.360333 -0.170300 13.360333 2124677.000000 19250
-1.232759 17.418832 -0.077719 17.418832 2171827.000000 20050
-1.242230 17.844034 0.085911 17.844034 2231176.000000 20850
-1.237234 17.993477 -0.036204 17.993477 2330628.000000 21650
-1.242123 18.407319 0.038121 18.407319 2401024.000000 22450
-1.242349 18.488683 0.045174 18.488683 2487076.000000 23250
-1.231411 16.769971 0.082899 16.769971 2612392.000000 24050
-1.251427 20.205176 0.006439 20.205176 2620842.000000 24850
-1.235549 17.231018 0.060206 17.231018 2770437.000000 25650
-1.245143 18.564601 -0.086877 18.564601 2816519.000000 26450
-1.228273 16.256944 0.057078 16.256944 2972320.000000 27250
-1.233874 17.495641 0.044602 17.495641 3033489.000000 28050
-1.231975 17.421421 0.023923 17.421421 3129696.000000 28850
-1.236594 17.788207 -0.031750 17.788207 3195145.000000 29650
-1.233732 17.380809 -0.007882 17.380809 3298575.000000 30450
-1.228173 16.345352 -0.059401 16.345352 3410625.000000 31250
-1.230266 16.603219 0.051924 16.603219 3485955.000000 32050
-1.231950 16.810279 0.063433 16.810279 3564829.000000 32850
-1.235098 17.464383 0.063968 17.464383 3630655.000000 33650
-1.236113 18.378398 0.023300 18.378398 3713131.000000 34450
-1.236485 18.155437 0.036695 18.155437 3800252.000000 35250
-1.224196 15.812100 -0.087759 15.812100 3947354.000000 36050
-1.233921 17.514174 -0.003623 17.514174 3987076.000000 36850
-1.232320 17.197291 -0.009059 17.197291 4085429.000000 37650
-1.238532 17.455905 -0.116472 17.455905 4132904.000000 38450
-1.235789 17.709245 -0.048869 17.709245 4235776.000000 39250
-1.233562 17.731600 -0.006492 17.731600 4334333.000000 40050
-1.241870 18.158405 -0.087052 18.158405 4370932.000000 40850
-1.229843 17.043981 -0.032497 17.043981 4529071.000000 41650
-1.237466 17.971269 -0.012390 17.971269 4570910.000000 42450
-1.240542 17.870783 -0.065079 17.870783 4638250.000000 43250
-1.228510 16.888748 0.021468 16.888748 4799596.000000 44050
-1.243700 18.433341 -0.049003 18.433341 4789619.000000 44850
-1.235062 17.700569 0.039999 17.700569 4928990.000000 45650
-1.240936 18.479597 0.047767 18.479597 4975961.000000 46450
-1.237568 17.792120 0.071854 17.792120 5085709.000000 47250
-1.233648 17.342044 0.052135 17.342044 5206330.000000 48050
-1.234147 17.533756 0.058749 17.533756 5283399.000000 48850
-1.231641 16.998858 -0.056012 16.998858 5388630.000000 49650
-1.233833 17.311890 0.020917 17.311890 5460669.000000 50450
-1.235254 17.854014 0.014067 17.854014 5534598.000000 51250
-1.238788 18.069827 0.042949 18.069827 5595015.000000 52050
-1.235397 17.632507 -0.015511 17.632507 5707258.000000 52850
-1.236653 17.650471 0.087911 17.650471 5780926.000000 53650
-1.237943 18.138839 0.028909 18.138839 5856449.000000 54450
-1.241865 18.059427 -0.072533 18.059427 5913759.000000 55250
-1.232822 17.559113 0.042315 17.559113 6067701.000000 56050
-1.233418 17.512334 0.015634 17.512334 6151645.000000 56850
-1.236691 17.681169 -0.068495 17.681169 6209278.000000 57650
-1.240459 18.364096 -0.013956 18.364096 6270583.000000 58450
-1.236521 17.714618 -0.012234 17.714618 6388109.000000 59250
-1.237153 18.174131 -0.023579 18.174131 6470292.000000 60050
-1.241957 18.839773 0.030339 18.839773 6506243.000000 60850
-1.232967 17.560716 0.034445 17.560716 6675923.000000 61650
-1.236819 18.068661 0.003575 18.068661 6726397.000000 62450
-1.228731 16.722622 0.045102 16.722622 6888776.000000 63250
-1.233598 17.630073 0.009526 17.630073 6929504.000000 64050
-1.236448 17.600185 -0.055221 17.600185 6996522.000000 64850
-1.231749 16.705806 0.086739 16.705806 7125809.000000 65650
-1.240660 18.539850 0.019729 18.539850 7122937.000000 66450
-1.235083 17.564269 -0.041047 17.564269 7267004.000000 67250
-1.235077 17.703886 0.022914 17.703886 7348537.000000 68050
-1.234059 17.606147 0.003236 17.606147 7443217.000000 68850
-1.234559 17.429831 -0.048284 17.429831 7529279.000000 69650
-1.228960 16.713611 -0.018060 16.713611 7667895.000000 70450
-1.233630 17.281696 0.069936 17.281696 7712110.000000 71250
-1.236404 17.816118 0.032387 17.816118 7767011.000000 72050
-1.233967 17.493406 -0.000778 17.493406 7880433.000000 72850
-1.236189 18.073671 -0.019361 18.073671 7939306.000000 73650
-1.235518 17.738555 -0.013343 17.738555 8035340.000000 74450
-1.238798 18.322639 0.005324 18.322639 8086944.000000 75250
-1.234415 17.642038 0.008434 17.642038 8224360.000000 76050
-1.238640 18.403345 -0.024969 18.403345 8254797.000000 76850
-1.238152 18.161421 0.017231 18.161421 8354884.000000 77650
-1.238292 18.161603 0.006723 18.161603 8433919.000000 78450
-1.236454 18.053567 0.017960 18.053567 8542716.000000 79250
