-1.424600 0.061781 0.730600 0.061781 4307.000000 50
-1.250765 3.518093 0.492529 3.518093 90912.000000 850
-1.248533 19.321406 0.140942 19.321406 176094.000000 1650
-1.249322 19.730473 0.032757 19.730473 259232.000000 2450
-1.243206 18.053569 0.124326 18.053569 346244.000000 3250
-1.237516 17.323038 0.121012 17.323038 434585.000000 4050
-1.237348 18.219702 0.063163 18.219702 522286.000000 4850
-1.245260 12.709506 -0.292600 12.709506 601458.000000 5650
-1.239353 12.253904 -0.274434 12.253904 692393.000000 6450
-1.244370 18.274522 -0.092737 18.274522 772953.000000 7250
-1.241281 17.591105 -0.095646 17.591105 863921.000000 8050
-1.250538 18.755669 -0.091333 18.755669 936490.000000 8850
-1.245409 18.644699 0.047709 18.644699 1028655.000000 9650
-1.242215 16.499732 -0.191513 16.499732 1117689.000000 10450
-1.242194 18.460930 0.082462 18.460930 1203683.000000 11250
-1.232543 14.438948 -0.215561 14.438948 1303793.000000 12050
-1.239649 18.477144 -0.034832 18.477144 1376365.000000 12850
-1.240959 17.898294 -0.110885 17.898294 1463903.000000 13650
-1.242792 18.768506 0.011004 18.768506 1543707.000000 14450
-1.233226 16.022246 -0.157716 16.022246 1649715.000000 15250
-1.229173 16.415172 0.078780 16.415172 1748523.000000 16050
-1.247061 18.636598 0.100911 18.636598 1791629.000000 16850
-1.238205 14.658397 0.221537 14.658397 1897830.000000 17650
-1.227359 16.751438 0.072032 16.751438 2014673.000000 18450
-1.236987 17.546566 0.009808 17.546566 2070935.000000 19250
-1.232430 16.707532 0.073101 16.707532 2176126.000000 20050
-1.236417 18.157738 -0.072746 18.157738 2248833.000000 20850
-1.242759 18.977299 0.006565 18.977299 2311953.000000 21650
-1.233615 17.512322 -0.058160 17.512322 2430261.000000 22450
-1.245713 18.837144 -0.079762 18.837144 2478078.000000 23250
-1.243025 17.808272 -0.122426 17.808272 2571447.000000 24050
-1.239780 18.513714 -0.044706 18.513714 2667057.000000 24850
-1.232707 17.400493 -0.043851 17.400493 2779886.000000 25650
-1.233753 17.547876 0.036574 17.547876 2861238.000000 26450
-1.238252 18.186562 -0.006842 18.186562 2932167.000000 27250
-1.235049 17.484394 0.043768 17.484394 3030981.000000 28050
-1.238327 17.041190 -0.117905 17.041190 3104535.000000 28850
-1.235790 17.799461 0.031604 17.799461 3200124.000000 29650
-1.235677 17.313211 -0.097542 17.313211 3287067.000000 30450
-1.239996 17.731657 0.096563 17.731657 3350640.000000 31250
-1.235747 17.617682 0.026534 17.617682 3459845.000000 32050
-1.243765 18.596229 -0.044303 18.596229 3507253.000000 32850
-1.241037 18.502712 -0.019254 18.502712 3608867.000000 33650
-1.238003 17.786010 0.053956 17.786010 3707320.000000 34450
-1.237590 18.143435 -0.027281 18.143435 3796196.000000 35250
-1.236032 17.311295 0.102892 17.311295 3889298.000000 36050
-1.234763 16.857873 -0.110371 16.857873 3985952.000000 36850
-1.235849 17.689389 0.076163 17.689389 4060228.000000 37650
-1.245166 18.414518 -0.101175 18.414518 4094531.000000 38450
-1.235788 17.942547 -0.012225 17.942547 4235813.000000 39250
-1.245541 18.966724 0.015476 18.966724 4263165.000000 40050
-1.233295 17.476143 -0.009333 17.476143 4425220.000000 40850
-1.231758 17.083439 0.008058 17.083439 4520606.000000 41650
-1.235695 17.821761 0.034898 17.821761 4581520.000000 42450
-1.234095 17.285078 0.014842 17.285078 4677771.000000 43250
-1.237720 17.647568 0.085746 17.647568 4741400.000000 44050
-1.229641 16.909956 -0.023815 16.909956 4881039.000000 44850
-1.239614 18.014791 0.061895 18.014791 4899395.000000 45650
-1.238270 17.784129 0.053284 17.784129 4997653.000000 46450
-1.224049 16.332857 -0.000092 16.332857 5180996.000000 47250
-1.235509 17.885165 0.016601 17.885165 5188218.000000 48050
-1.241034 18.020509 0.077211 18.020509 5236719.000000 48850
-1.242410 18.982185 -0.017179 18.982185 5310131.000000 49650
-1.238122 17.930624 -0.041295 17.930624 5430066.000000 50450
-1.237071 17.970705 -0.029263 17.970705 5517005.000000 51250
-1.241209 18.415445 0.008799 18.415445 5574392.000000 52050
-1.236351 17.757326 -0.029799 17.757326 5699416.000000 52850
-1.241352 18.303751 -0.035680 18.303751 5746525.000000 53650
-1.235726 17.775180 -0.008383 17.775180 5871755.000000 54450
-1.240981 18.576827 -0.026975 18.576827 5922952.000000 55250
-1.233903 17.710869 -0.023785 17.710869 6070406.000000 56050
-1.233180 17.086997 0.063986 17.086997 6156976.000000 56850
-1.236376 17.945065 0.028888 17.945065 6218695.000000 57650
-1.239267 17.783268 0.096393 17.783268 6280862.000000 58450
-1.240596 18.116565 -0.062274 18.116565 6354405.000000 59250
-1.233098 17.615373 0.010693 17.615373 6503237.000000 60050
-1.239843 18.147692 -0.064080 18.147692 6527467.000000 60850
-1.230980 17.083454 -0.015808 17.083454 6701801.000000 61650
-1.237720 18.044892 0.034741 18.044892 6722387.000000 62450
-1.229147 17.080969 0.001511 17.080969 6882453.000000 63250
-1.230747 17.267948 -0.011409 17.267948 6957017.000000 64050
-1.235067 17.727599 0.042942 17.727599 7003041.000000 64850
-1.237153 17.873206 0.001725 17.873206 7072626.000000 65650
-1.233820 17.207732 -0.017906 17.207732 7193560.000000 66450
-1.237173 17.847905 0.072251 17.847905 7237610.000000 67250
-1.237778 17.947422 0.064711 17.947422 7319873.000000 68050
-1.232711 17.441806 0.005910 17.441806 7459790.000000 68850
-1.236878 17.898507 -0.023474 17.898507 7505519.000000 69650
-1.241788 18.303915 -0.041588 18.303915 7538045.000000 70450
-1.239207 18.017688 -0.033263 18.017688 7654730.000000 71250
-1.235694 17.522223 -0.062305 17.522223 7776429.000000 72050
-1.242711 18.071218 -0.101623 18.071218 7782487.000000 72850
-1.250204 19.759279 0.013251 19.759279 7786655.000000 73650
-1.234436 17.677322 0.006751 17.677322 8049077.000000 74450
-1.242920 18.733247 0.008858 18.733247 8040330.000000 75250
-1.230982 17.188304 -0.013975 17.188304 8257642.000000 76050
-1.239077 18.217685 0.012513 18.217685 8251280.000000 76850
-1.234546 17.618943 0.009814 17.618943 8395525.000000 77650
-1.236986 17.717439 0.018423 17.717439 8456772.000000 78450
-1.232581 17.421735 -0.046780 17.421735 8588851.000000 79250
