0.202983 5 1.000000 0.000643 0.053004
0.155398 12 1.000000 0.072307 -0.193850
0.162284 19 1.000000 1.087659 -0.158129
0.162743 26 1.000000 6.974202 -0.155747
0.163607 33 1.000000 28.961831 -0.151267
0.163830 40 1.000000 91.530749 -0.150106
0.164085 47 1.000000 240.256502 -0.148786
--------------------------------- 
0.271604 5 1.300000 0.000430 0.408983
0.166414 12 1.300000 0.070826 -0.136704
0.180399 19 1.300000 1.061229 -0.064156
0.180060 26 1.300000 6.940664 -0.065915
0.181783 33 1.300000 28.879565 -0.056976
0.182020 40 1.300000 92.949062 -0.055745
0.182516 47 1.300000 240.122350 -0.053174
--------------------------------- 
0.323654 5 1.600000 0.000424 0.679002
0.162643 12 1.600000 0.071495 -0.156267
0.187009 19 1.600000 1.061160 -0.029864
0.184539 26 1.600000 6.928261 -0.042679
0.187571 33 1.600000 29.035847 -0.026950
0.187651 40 1.600000 91.448853 -0.026532
0.188507 47 1.600000 240.321391 -0.022093
--------------------------------- 
0.351372 5 1.900000 0.000408 0.822791
0.152376 12 1.900000 0.072186 -0.209526
0.190560 19 1.900000 1.062606 -0.011440
0.184165 26 1.900000 6.940273 -0.044618
0.189080 33 1.900000 28.856477 -0.019119
0.188735 40 1.900000 92.842430 -0.020912
0.190105 47 1.900000 239.980648 -0.013802
--------------------------------- 
0.352443 5 2.200000 0.000433 0.828347
0.139071 12 2.200000 0.071642 -0.278549
0.194335 19 2.200000 1.062234 0.008140
0.181867 26 2.200000 6.930109 -0.056539
0.189366 33 2.200000 28.844120 -0.017639
0.188218 40 2.200000 91.474628 -0.023592
0.190298 47 2.200000 239.959414 -0.012803
--------------------------------- 
0.330787 5 2.500000 0.000407 0.716005
0.124326 12 2.500000 0.072092 -0.355040
0.199484 19 2.500000 1.062760 0.034853
0.178597 26 2.500000 6.931885 -0.073501
0.189494 33 2.500000 28.850578 -0.016971
0.187062 40 2.500000 96.487128 -0.029587
0.190088 47 2.500000 243.237536 -0.013892
--------------------------------- 
0.293693 5 2.800000 0.000422 0.523577
0.109100 12 2.800000 0.070743 -0.434027
0.206333 19 2.800000 1.060463 0.070381
0.174654 26 2.800000 6.920966 -0.093956
0.189863 33 2.800000 28.834848 -0.015061
0.185562 40 2.800000 91.429874 -0.037368
0.189813 47 2.800000 246.573278 -0.015315
--------------------------------- 
