250
0.704487  10 0.007860
0.218827  2010 0.001884
0.201911  4010 0.002283
0.195760  6010 0.002105
0.193149  8010 0.002091
0.191995  10010 0.001955
0.190812  12010 0.001904
0.188905  14010 0.001821
0.188676  16010 0.001744
0.191171  18010 0.001891
0.191730  20010 0.001898
0.192721  22010 0.002271
0.191564  24010 0.002235
0.192824  26010 0.002249
0.191491  28010 0.002193
0.192156  30010 0.002219
0.192178  32010 0.002220
0.190637  34010 0.002150
0.191040  36010 0.002144
0.190683  38010 0.002132
0.192240  40010 0.002293
0.193758  42010 0.002321
0.193403  44010 0.002317
0.193677  46010 0.002289
0.192572  48010 0.002230
0.191879  50010 0.002181
0.191036  52010 0.002134
0.191400  54010 0.002118
0.191405  56010 0.002100
0.190131  58010 0.002061
0.189592  60010 0.002044
0.190186  62010 0.002096
0.190021  64010 0.002067
0.189389  66010 0.002030
0.188742  68010 0.002002
0.188599  70010 0.002079
0.187929  72010 0.002044
0.188577  74010 0.002048
0.188199  76010 0.002021
0.188282  78010 0.002005
0.188241  80010 0.002001
0.188364  82010 0.002003
0.188133  84010 0.001997
0.188360  86010 0.001984
0.188967  88010 0.001973
0.188468  90010 0.001956
0.188575  92010 0.001966
0.188620  94010 0.001972
0.188454  96010 0.001952
0.188196  98010 0.001939
0.187872  100010 0.001938
0.188021  102010 0.001959
0.188043  104010 0.001958
0.188276  106010 0.001956
0.189101  108010 0.001968
0.189684  110010 0.002020
0.190161  112010 0.002044
0.190214  114010 0.002044
0.190726  116010 0.002058
0.190925  118010 0.002069
0.190984  120010 0.002062
0.190588  122010 0.002041
0.190724  124010 0.002052
0.191095  126010 0.002058
0.190951  128010 0.002051
0.190630  130010 0.002032
0.191179  132010 0.002058
0.191422  134010 0.002059
0.191372  136010 0.002053
0.191011  138010 0.002039
0.190677  140010 0.002027
0.190310  142010 0.002009
0.189730  144010 0.001990
0.189203  146010 0.001975
0.188935  148010 0.001963
0.188766  150010 0.001959
0.188660  152010 0.001948
0.188440  154010 0.001937
0.188240  156010 0.001928
0.188393  158010 0.001950
0.188696  160010 0.001988
0.188519  162010 0.001979
0.188360  164010 0.001969
0.188355  166010 0.001961
0.188807  168010 0.002007
0.188833  170010 0.002009
0.188849  172010 0.002020
0.189034  174010 0.002022
0.188984  176010 0.002012
0.189062  178010 0.002014
0.189010  180010 0.002011
0.189472  182010 0.002054
0.190023  184010 0.002084
0.189982  186010 0.002078
0.189793  188010 0.002065
0.189776  190010 0.002066
0.189734  192010 0.002059
0.189175  194010 0.002045
0.189228  196010 0.002045
0.189246  198010 0.002044
0.189243  200010 0.002037
0.189265  202010 0.002038
0.189883  204010 0.002098
0.189698  206010 0.002087
0.189625  208010 0.002083
0.189690  210010 0.002080
0.189779  212010 0.002089
0.189958  214010 0.002096
0.189882  216010 0.002102
0.189877  218010 0.002097
0.189694  220010 0.002089
0.189789  222010 0.002097
0.189858  224010 0.002105
0.189836  226010 0.002119
0.189852  228010 0.002110
0.189637  230010 0.002101
0.189693  232010 0.002104
0.190086  234010 0.002119
0.190389  236010 0.002137
0.190254  238010 0.002130
0.190559  240010 0.002216
0.190571  242010 0.002213
0.190300  244010 0.002202
0.190390  246010 0.002197
0.190573  248010 0.002207
0.190459  250010 0.002199
0.190183  252010 0.002188
0.190168  254010 0.002187
0.190145  256010 0.002183
0.190159  258010 0.002179
0.190316  260010 0.002183
0.190140  262010 0.002173
0.189805  264010 0.002164
0.189881  266010 0.002167
0.189853  268010 0.002157
0.190048  270010 0.002197
0.189864  272010 0.002198
0.189920  274010 0.002195
0.190053  276010 0.002201
0.190097  278010 0.002200
0.190234  280010 0.002201
0.190051  282010 0.002194
0.190070  284010 0.002191
0.190038  286010 0.002185
0.190018  288010 0.002185
0.189952  290010 0.002188
0.189976  292010 0.002183
0.189876  294010 0.002178
0.189818  296010 0.002175
0.190008  298010 0.002173
0.189982  300010 0.002171
0.190010  302010 0.002166
0.190047  304010 0.002162
0.190321  306010 0.002171
0.190402  308010 0.002186
0.190197  310010 0.002181
0.190215  312010 0.002179
0.190174  314010 0.002172
0.190121  316010 0.002169
0.189885  318010 0.002160
0.189968  320010 0.002172
0.189872  322010 0.002168
0.189710  324010 0.002159
0.189657  326010 0.002157
0.189607  328010 0.002153
0.189406  330010 0.002146
0.189521  332010 0.002145
0.189681  334010 0.002144
0.189609  336010 0.002137
0.189471  338010 0.002132
0.189671  340010 0.002146
0.189631  342010 0.002144
0.189835  344010 0.002160
0.189744  346010 0.002153
0.189721  348010 0.002156
0.189670  350010 0.002152
0.189867  352010 0.002161
0.189849  354010 0.002163
0.189760  356010 0.002159
0.190085  358010 0.002229
0.189925  360010 0.002223
0.190040  362010 0.002240
0.190194  364010 0.002242
0.190165  366010 0.002239
0.190052  368010 0.002232
0.189948  370010 0.002226
0.189936  372010 0.002223
0.189896  374010 0.002219
0.189822  376010 0.002213
0.189935  378010 0.002212
0.189822  380010 0.002206
0.189795  382010 0.002200
0.189965  384010 0.002208
0.189899  386010 0.002205
0.190059  388010 0.002206
0.190129  390010 0.002205
0.190247  392010 0.002215
0.190261  394010 0.002210
0.190296  396010 0.002209
0.190337  398010 0.002210
0.190316  400010 0.002209
0.190087  402010 0.002201
0.190043  404010 0.002195
0.190096  406010 0.002192
0.190017  408010 0.002187
0.189968  410010 0.002184
0.189921  412010 0.002178
0.189936  414010 0.002173
0.189876  416010 0.002168
0.190209  418010 0.002214
0.190341  420010 0.002217
0.190275  422010 0.002212
0.190388  424010 0.002242
0.190372  426010 0.002239
0.190448  428010 0.002237
0.190596  430010 0.002238
0.190745  432010 0.002296
0.190713  434010 0.002292
0.190816  436010 0.002290
0.190817  438010 0.002294
0.190893  440010 0.002314
0.190917  442010 0.002321
0.190928  444010 0.002319
0.190998  446010 0.002317
0.190986  448010 0.002312
0.191212  450010 0.002445
0.191127  452010 0.002440
0.191126  454010 0.002443
0.191125  456010 0.002442
0.191117  458010 0.002441
0.191157  460010 0.002438
0.191118  462010 0.002437
0.191265  464010 0.002439
0.191214  466010 0.002436
0.191243  468010 0.002431
0.191252  470010 0.002430
0.191182  472010 0.002428
0.191157  474010 0.002430
0.191282  476010 0.002438
0.191402  478010 0.002447
0.191395  480010 0.002448
0.191357  482010 0.002447
0.191300  484010 0.002443
0.191229  486010 0.002436
0.191260  488010 0.002435
0.191207  490010 0.002431
0.191165  492010 0.002426
0.191146  494010 0.002428
0.191093  496010 0.002422
0.191137  498010 0.002418
------------------ 
