51 
0.380999 1.300000 10 0.001866
0.180255 1.300000 1010 0.002956
0.353302 1.300000 2010 0.094987
0.301209 1.300000 3010 0.066269
0.261537 1.300000 4010 0.050190
0.271326 1.300000 5010 0.049594
0.255433 1.300000 6010 0.041714
0.246061 1.300000 7010 0.036487
0.230149 1.300000 8010 0.032031
0.217250 1.300000 9010 0.028583
0.210153 1.300000 10010 0.026073
0.214789 1.300000 11010 0.025216
0.217048 1.300000 12010 0.025022
0.213262 1.300000 13010 0.023637
0.213540 1.300000 14010 0.022580
0.210144 1.300000 15010 0.021321
0.208069 1.300000 16010 0.020392
0.203823 1.300000 17010 0.019403
0.201664 1.300000 18010 0.018758
0.199603 1.300000 19010 0.017974
0.197268 1.300000 20010 0.017412
0.199286 1.300000 21010 0.017040
0.198298 1.300000 22010 0.016521
0.195224 1.300000 23010 0.015878
0.210127 1.300000 24010 0.025380
0.209909 1.300000 25010 0.024749
0.205890 1.300000 26010 0.023825
0.204429 1.300000 27010 0.023051
0.204018 1.300000 28010 0.022486
0.204631 1.300000 29010 0.022241
0.201704 1.300000 30010 0.021534
0.199960 1.300000 31010 0.020938
0.199076 1.300000 32010 0.020417
0.196611 1.300000 33010 0.019839
0.193971 1.300000 34010 0.019296
0.193097 1.300000 35010 0.018882
0.192708 1.300000 36010 0.018546
0.190935 1.300000 37010 0.018099
0.189076 1.300000 38010 0.017694
0.187537 1.300000 39010 0.017306
0.186591 1.300000 40010 0.016937
0.185818 1.300000 41010 0.016672
0.186256 1.300000 42010 0.016416
0.185140 1.300000 43010 0.016259
0.190124 1.300000 44010 0.019003
0.189577 1.300000 45010 0.018635
0.189826 1.300000 46010 0.018364
0.191873 1.300000 47010 0.019724
0.190372 1.300000 48010 0.019341
0.190358 1.300000 49010 0.019101
------------------ 
0.297275 1.600000 10 0.000338
0.160882 1.600000 1010 0.001081
0.436261 1.600000 2010 0.067518
0.359504 1.600000 3010 0.046488
0.300180 1.600000 4010 0.035045
0.320095 1.600000 5010 0.035913
0.290979 1.600000 6010 0.030069
0.274391 1.600000 7010 0.026065
0.251356 1.600000 8010 0.022840
0.233194 1.600000 9010 0.020338
0.223447 1.600000 10010 0.018482
0.230143 1.600000 11010 0.017775
0.234870 1.600000 12010 0.017621
0.227954 1.600000 13010 0.016477
0.227148 1.600000 14010 0.015587
0.222006 1.600000 15010 0.014649
0.218837 1.600000 16010 0.013939
0.213175 1.600000 17010 0.013222
0.210776 1.600000 18010 0.012752
0.207115 1.600000 19010 0.012177
0.204271 1.600000 20010 0.011786
0.205439 1.600000 21010 0.011395
0.204281 1.600000 22010 0.011007
0.200076 1.600000 23010 0.010555
0.228020 1.600000 24010 0.021394
0.227225 1.600000 25010 0.020733
0.221543 1.600000 26010 0.019944
0.219061 1.600000 27010 0.019252
0.218380 1.600000 28010 0.018694
0.219316 1.600000 29010 0.018374
0.215131 1.600000 30010 0.017774
0.212282 1.600000 31010 0.017239
0.210498 1.600000 32010 0.016751
0.206955 1.600000 33010 0.016259
0.203445 1.600000 34010 0.015796
0.202155 1.600000 35010 0.015414
0.201539 1.600000 36010 0.015077
0.198966 1.600000 37010 0.014693
0.196054 1.600000 38010 0.014321
0.193963 1.600000 39010 0.013981
0.192302 1.600000 40010 0.013655
0.191196 1.600000 41010 0.013403
0.191518 1.600000 42010 0.013151
0.190266 1.600000 43010 0.012974
0.197650 1.600000 44010 0.014728
0.196538 1.600000 45010 0.014420
0.196532 1.600000 46010 0.014175
0.200329 1.600000 47010 0.015367
0.198147 1.600000 48010 0.015055
0.197724 1.600000 49010 0.014814
------------------ 
0.196701 1.900000 10 0.000053
0.130140 1.900000 1010 0.000360
0.504257 1.900000 2010 0.046032
0.402317 1.900000 3010 0.031356
0.325471 1.900000 4010 0.023583
0.358389 1.900000 5010 0.024796
0.316987 1.900000 6010 0.020716
0.292639 1.900000 7010 0.017862
0.263812 1.900000 8010 0.015640
0.241407 1.900000 9010 0.013914
0.229234 1.900000 10010 0.012608
0.236969 1.900000 11010 0.012042
0.243887 1.900000 12010 0.011850
0.233952 1.900000 13010 0.011014
0.231216 1.900000 14010 0.010344
0.224318 1.900000 15010 0.009693
0.220036 1.900000 16010 0.009183
0.213244 1.900000 17010 0.008688
0.210718 1.900000 18010 0.008355
0.205671 1.900000 19010 0.007957
0.202589 1.900000 20010 0.007687
0.202306 1.900000 21010 0.007379
0.200841 1.900000 22010 0.007104
0.195741 1.900000 23010 0.006804
0.240212 1.900000 24010 0.017530
0.238447 1.900000 25010 0.016918
0.231385 1.900000 26010 0.016270
0.227737 1.900000 27010 0.015686
0.226516 1.900000 28010 0.015184
0.227497 1.900000 29010 0.014838
0.222223 1.900000 30010 0.014348
0.218311 1.900000 31010 0.013900
0.215501 1.900000 32010 0.013482
0.211083 1.900000 33010 0.013080
0.206853 1.900000 34010 0.012700
0.205079 1.900000 35010 0.012369
0.204057 1.900000 36010 0.012065
0.200813 1.900000 37010 0.011748
0.197059 1.900000 38010 0.011442
0.194455 1.900000 39010 0.011159
0.192081 1.900000 40010 0.010888
0.190625 1.900000 41010 0.010662
0.190591 1.900000 42010 0.010437
0.189243 1.900000 43010 0.010260
0.198470 1.900000 44010 0.011200
0.196711 1.900000 45010 0.010957
0.196328 1.900000 46010 0.010751
0.202131 1.900000 47010 0.011632
0.199382 1.900000 48010 0.011393
0.198403 1.900000 49010 0.011185
------------------ 
0.115574 2.200000 10 0.000008
0.097973 2.200000 1010 0.000112
0.553726 2.200000 2010 0.030443
0.428567 2.200000 3010 0.020579
0.338537 2.200000 4010 0.015462
0.384945 2.200000 5010 0.016488
0.333948 2.200000 6010 0.013761
0.302563 2.200000 7010 0.011831
0.269739 2.200000 8010 0.010357
0.244387 2.200000 9010 0.009210
0.230132 2.200000 10010 0.008327
0.237726 2.200000 11010 0.007895
0.245946 2.200000 12010 0.007689
0.233607 2.200000 13010 0.007123
0.228602 2.200000 14010 0.006659
0.220170 2.200000 15010 0.006228
0.214856 2.200000 16010 0.005881
0.207255 2.200000 17010 0.005554
0.204599 2.200000 18010 0.005324
0.198567 2.200000 19010 0.005060
0.195437 2.200000 20010 0.004876
0.193584 2.200000 21010 0.004663
0.191684 2.200000 22010 0.004478
0.186011 2.200000 23010 0.004286
0.249121 2.200000 24010 0.013897
0.246105 2.200000 25010 0.013379
0.238015 2.200000 26010 0.012866
0.233185 2.200000 27010 0.012396
0.231137 2.200000 28010 0.011977
0.231799 2.200000 29010 0.011654
0.225689 2.200000 30010 0.011267
0.220873 2.200000 31010 0.010909
0.217073 2.200000 32010 0.010574
0.212011 2.200000 33010 0.010255
0.207221 2.200000 34010 0.009955
0.204908 2.200000 35010 0.009684
0.203321 2.200000 36010 0.009431
0.199559 2.200000 37010 0.009180
0.195243 2.200000 38010 0.008939
0.192184 2.200000 39010 0.008713
0.189208 2.200000 40010 0.008498
0.187391 2.200000 41010 0.008309
0.186831 2.200000 42010 0.008123
0.185351 2.200000 43010 0.007964
0.195514 2.200000 44010 0.008391
0.193159 2.200000 45010 0.008206
0.192333 2.200000 46010 0.008042
0.200033 2.200000 47010 0.008619
0.196875 2.200000 48010 0.008440
0.195320 2.200000 49010 0.008276
------------------ 
0.062098 2.500000 10 0.000001
0.069759 2.500000 1010 0.000033
0.582843 2.500000 2010 0.019503
0.438833 2.500000 3010 0.013120
0.340762 2.500000 4010 0.009852
0.398818 2.500000 5010 0.010569
0.341498 2.500000 6010 0.008816
0.304719 2.500000 7010 0.007569
0.269704 2.500000 8010 0.006625
0.242703 2.500000 9010 0.005890
0.226835 2.500000 10010 0.005318
0.233327 2.500000 11010 0.005007
0.241751 2.500000 12010 0.004824
0.227846 2.500000 13010 0.004461
0.220754 2.500000 14010 0.004159
0.211199 2.500000 15010 0.003886
0.205035 2.500000 16010 0.003660
0.196961 2.500000 17010 0.003452
0.194140 2.500000 18010 0.003300
0.187541 2.500000 19010 0.003132
0.184454 2.500000 20010 0.003011
0.181264 2.500000 21010 0.002873
0.178893 2.500000 22010 0.002754
0.172975 2.500000 23010 0.002635
0.255230 2.500000 24010 0.010637
0.250865 2.500000 25010 0.010227
0.242080 2.500000 26010 0.009834
0.236183 2.500000 27010 0.009472
0.233134 2.500000 28010 0.009143
0.233150 2.500000 29010 0.008871
0.226469 2.500000 30010 0.008575
0.220961 2.500000 31010 0.008301
0.216324 2.500000 32010 0.008043
0.210828 2.500000 33010 0.007800
0.205639 2.500000 34010 0.007571
0.202779 2.500000 35010 0.007360
0.200555 2.500000 36010 0.007162
0.196423 2.500000 37010 0.006969
0.191795 2.500000 38010 0.006786
0.188360 2.500000 39010 0.006613
0.184939 2.500000 40010 0.006449
0.182769 2.500000 41010 0.006299
0.181621 2.500000 42010 0.006154
0.179949 2.500000 43010 0.006024
0.190095 2.500000 44010 0.006180
0.187275 2.500000 45010 0.006043
0.186005 2.500000 46010 0.005917
0.195186 2.500000 47010 0.006259
0.191783 2.500000 48010 0.006129
0.189730 2.500000 49010 0.006006
------------------ 
0.031124 2.800000 10 0.000000
0.047500 2.800000 1010 0.000009
0.591712 2.800000 2010 0.012085
0.434907 2.800000 3010 0.008105
0.333743 2.800000 4010 0.006085
0.400067 2.800000 5010 0.006535
0.339616 2.800000 6010 0.005450
0.299521 2.800000 7010 0.004675
0.263912 2.800000 8010 0.004092
0.236435 2.800000 9010 0.003638
0.219531 2.800000 10010 0.003281
0.224331 2.800000 11010 0.003071
0.231984 2.800000 12010 0.002930
0.217367 2.800000 13010 0.002707
0.208714 2.800000 14010 0.002519
0.198543 2.800000 15010 0.002353
0.191789 2.800000 16010 0.002213
0.183566 2.800000 17010 0.002085
0.180565 2.800000 18010 0.001988
0.173769 2.800000 19010 0.001886
0.170752 2.800000 20010 0.001808
0.166626 2.800000 21010 0.001724
0.163845 2.800000 22010 0.001650
0.157971 2.800000 23010 0.001578
0.258321 2.800000 24010 0.007873
0.252692 2.800000 25010 0.007564
0.243501 2.800000 26010 0.007274
0.236744 2.800000 27010 0.007005
0.232680 2.800000 28010 0.006758
0.231844 2.800000 29010 0.006545
0.224829 2.800000 30010 0.006327
0.218852 2.800000 31010 0.006123
0.213593 2.800000 32010 0.005933
0.207844 2.800000 33010 0.005753
0.202414 2.800000 34010 0.005584
0.199052 2.800000 35010 0.005427
0.196219 2.800000 36010 0.005278
0.191851 2.800000 37010 0.005136
0.187103 2.800000 38010 0.005001
0.183391 2.800000 39010 0.004873
0.179683 2.800000 40010 0.004751
0.177197 2.800000 41010 0.004639
0.175494 2.800000 42010 0.004530
0.173591 2.800000 43010 0.004430
0.182931 2.800000 44010 0.004462
0.179810 2.800000 45010 0.004363
0.178144 2.800000 46010 0.004271
0.188218 2.800000 47010 0.004456
0.184717 2.800000 48010 0.004363
0.182290 2.800000 49010 0.004275
------------------ 
0.014759 3.100000 10 0.000000
0.031181 3.100000 1010 0.000003
0.582019 3.100000 2010 0.007248
0.419173 3.100000 3010 0.004852
0.319129 3.100000 4010 0.003643
0.389762 3.100000 5010 0.003907
0.328973 3.100000 6010 0.003258
0.287658 3.100000 7010 0.002794
0.252766 3.100000 8010 0.002445
0.225803 3.100000 9010 0.002174
0.208488 3.100000 10010 0.001959
0.211375 3.100000 11010 0.001824
0.217593 3.100000 12010 0.001726
0.203013 3.100000 13010 0.001594
0.193452 3.100000 14010 0.001482
0.183170 3.100000 15010 0.001384
0.176126 3.100000 16010 0.001300
0.168047 3.100000 17010 0.001225
0.164896 3.100000 18010 0.001165
0.158201 3.100000 19010 0.001105
0.155256 3.100000 20010 0.001057
0.150623 3.100000 21010 0.001007
0.147557 3.100000 22010 0.000963
0.141955 3.100000 23010 0.000921
0.258061 3.100000 24010 0.005655
0.251385 3.100000 25010 0.005431
0.242033 3.100000 26010 0.005222
0.234674 3.100000 27010 0.005029
0.229718 3.100000 28010 0.004851
0.227963 3.100000 29010 0.004692
0.220820 3.100000 30010 0.004536
0.214580 3.100000 31010 0.004390
0.208932 3.100000 32010 0.004253
0.203086 3.100000 33010 0.004124
0.197558 3.100000 34010 0.004003
0.193787 3.100000 35010 0.003889
0.190449 3.100000 36010 0.003782
0.185965 3.100000 37010 0.003680
0.181233 3.100000 38010 0.003583
0.177355 3.100000 39010 0.003491
0.173502 3.100000 40010 0.003404
0.170761 3.100000 41010 0.003322
0.168597 3.100000 42010 0.003244
0.166464 3.100000 43010 0.003170
0.174477 3.100000 44010 0.003156
0.171208 3.100000 45010 0.003086
0.169229 3.100000 46010 0.003020
0.179573 3.100000 47010 0.003111
0.176089 3.100000 48010 0.003046
0.173428 3.100000 49010 0.002984
------------------ 
0.006690 3.400000 10 0.000000
0.019853 3.400000 1010 0.000001
0.556603 3.400000 2010 0.004217
0.394238 3.400000 3010 0.002820
0.298591 3.400000 4010 0.002117
0.369758 3.400000 5010 0.002266
0.310890 3.400000 6010 0.001889
0.270187 3.400000 7010 0.001620
0.237027 3.400000 8010 0.001418
0.211360 3.400000 9010 0.001260
0.194237 3.400000 10010 0.001136
0.195284 3.400000 11010 0.001053
0.199754 3.400000 12010 0.000989
0.185793 3.400000 13010 0.000914
0.175959 3.400000 14010 0.000849
0.165997 3.400000 15010 0.000793
0.158958 3.400000 16010 0.000744
0.151267 3.400000 17010 0.000701
0.148028 3.400000 18010 0.000665
0.141660 3.400000 19010 0.000631
0.138796 3.400000 20010 0.000602
0.134031 3.400000 21010 0.000574
0.130834 3.400000 22010 0.000548
0.125659 3.400000 23010 0.000525
0.254274 3.400000 24010 0.003956
0.246841 3.400000 25010 0.003798
0.237535 3.400000 26010 0.003652
0.229840 3.400000 27010 0.003517
0.224205 3.400000 28010 0.003392
0.221586 3.400000 29010 0.003279
0.214485 3.400000 30010 0.003169
0.208164 3.400000 31010 0.003067
0.202343 3.400000 32010 0.002971
0.196530 3.400000 33010 0.002881
0.191032 3.400000 34010 0.002797
0.186977 3.400000 35010 0.002717
0.183280 3.400000 36010 0.002642
0.178785 3.400000 37010 0.002571
0.174166 3.400000 38010 0.002503
0.170228 3.400000 39010 0.002439
0.166348 3.400000 40010 0.002378
0.163431 3.400000 41010 0.002320
0.160933 3.400000 42010 0.002265
0.158604 3.400000 43010 0.002213
0.165045 3.400000 44010 0.002187
0.161755 3.400000 45010 0.002139
0.159558 3.400000 46010 0.002093
0.169616 3.400000 47010 0.002132
0.166235 3.400000 48010 0.002088
0.163469 3.400000 49010 0.002045
------------------ 
0.002922 3.700000 10 0.000000
0.012318 3.700000 1010 0.000000
0.518996 3.700000 2010 0.002388
0.362713 3.700000 3010 0.001596
0.273800 3.700000 4010 0.001198
0.342376 3.700000 5010 0.001279
0.287119 3.700000 6010 0.001066
0.248461 3.700000 7010 0.000914
0.217755 3.700000 8010 0.000800
0.193955 3.700000 9010 0.000711
0.177551 3.700000 10010 0.000641
0.177020 3.700000 11010 0.000592
0.179727 3.700000 12010 0.000553
0.166797 3.700000 13010 0.000511
0.157208 3.700000 14010 0.000475
0.147893 3.700000 15010 0.000443
0.141114 3.700000 16010 0.000416
0.133992 3.700000 17010 0.000391
0.130751 3.700000 18010 0.000371
0.124870 3.700000 19010 0.000352
0.122111 3.700000 20010 0.000336
0.117496 3.700000 21010 0.000320
0.114315 3.700000 22010 0.000305
0.109661 3.700000 23010 0.000292
0.247041 3.700000 24010 0.002704
0.239159 3.700000 25010 0.002596
0.230071 3.700000 26010 0.002496
0.222286 3.700000 27010 0.002404
0.216220 3.700000 28010 0.002318
0.212876 3.700000 29010 0.002240
0.205957 3.700000 30010 0.002165
0.199711 3.700000 31010 0.002095
0.193899 3.700000 32010 0.002030
0.188229 3.700000 33010 0.001968
0.182866 3.700000 34010 0.001910
0.178661 3.700000 35010 0.001856
0.174761 3.700000 36010 0.001804
0.170349 3.700000 37010 0.001756
0.165911 3.700000 38010 0.001710
0.162009 3.700000 39010 0.001666
0.158198 3.700000 40010 0.001624
0.155189 3.700000 41010 0.001585
0.152487 3.700000 42010 0.001547
0.150023 3.700000 43010 0.001511
0.154869 3.700000 44010 0.001487
0.151656 3.700000 45010 0.001454
0.149335 3.700000 46010 0.001422
0.158675 3.700000 47010 0.001436
0.155458 3.700000 48010 0.001406
0.152694 3.700000 49010 0.001378
------------------ 
0.001237 4.000000 10 0.000000
0.007475 4.000000 1010 0.000000
0.472974 4.000000 2010 0.001320
0.327076 4.000000 3010 0.000882
0.246377 4.000000 4010 0.000662
0.310089 4.000000 5010 0.000705
0.259580 4.000000 6010 0.000588
0.223965 4.000000 7010 0.000504
0.196173 4.000000 8010 0.000441
0.174607 4.000000 9010 0.000392
0.159332 4.000000 10010 0.000353
0.157580 4.000000 11010 0.000325
0.158720 4.000000 12010 0.000303
0.147070 4.000000 13010 0.000279
0.138102 4.000000 14010 0.000260
0.129645 4.000000 15010 0.000242
0.123323 4.000000 16010 0.000227
0.116888 4.000000 17010 0.000214
0.113737 4.000000 18010 0.000203
0.108440 4.000000 19010 0.000192
0.105819 4.000000 20010 0.000183
0.101544 4.000000 21010 0.000174
0.098502 4.000000 22010 0.000167
0.094411 4.000000 23010 0.000159
0.236688 4.000000 24010 0.001811
0.228646 4.000000 25010 0.001739
0.219916 4.000000 26010 0.001672
0.212251 4.000000 27010 0.001610
0.205996 4.000000 28010 0.001553
0.202116 4.000000 29010 0.001500
0.195486 4.000000 30010 0.001450
0.189440 4.000000 31010 0.001403
0.183783 4.000000 32010 0.001359
0.178344 4.000000 33010 0.001318
0.173203 4.000000 34010 0.001279
0.168976 4.000000 35010 0.001243
0.165017 4.000000 36010 0.001208
0.160764 4.000000 37010 0.001176
0.156556 4.000000 38010 0.001145
0.152772 4.000000 39010 0.001115
0.149102 4.000000 40010 0.001087
0.146084 4.000000 41010 0.001061
0.143297 4.000000 42010 0.001036
0.140770 4.000000 43010 0.001012
0.144152 4.000000 44010 0.000993
0.141082 4.000000 45010 0.000971
0.138724 4.000000 46010 0.000950
0.147061 4.000000 47010 0.000952
0.144048 4.000000 48010 0.000932
0.141368 4.000000 49010 0.000913
------------------ 
