299
10 -2.196 1.099
110 -2.01664 1.00868
210 -2.00743 1.00421
310 -2.00342 1.00244
410 -2.00195 1.00168
510 -2.00118 1.00125
610 -1.99987 1.00077
710 -1.99955 1.00058
810 -1.99919 1.0004
910 -1.99892 1.00026
1010 -1.99857 1.00012
1110 -1.9984 1.00004
1210 -1.99821 0.999955
1310 -1.99875 1.00005
1410 -1.99856 0.999979
1510 -1.99864 0.999977
1610 -1.99865 0.99996
1710 -1.99851 0.999906
1810 -1.99833 0.999845
1910 -1.99825 0.999809
2010 -1.99817 0.999776
2110 -1.99806 0.999727
2210 -1.99805 0.999715
2310 -1.99804 0.999706
2410 -1.99795 0.999676
2510 -1.99786 0.999647
2610 -1.99786 0.99964
2710 -1.99786 0.999635
2810 -1.99779 0.99961
2910 -1.99806 0.999674
3010 -1.99798 0.999646
3110 -1.99795 0.999635
3210 -1.99796 0.999632
3310 -1.99756 0.999533
3410 -1.99754 0.999522
3510 -1.99784 0.999587
3610 -1.99782 0.999579
3710 -1.99785 0.999582
3810 -1.99781 0.999568
3910 -1.99791 0.999593
4010 -1.99743 0.999468
4110 -1.99744 0.999467
4210 -1.99778 0.999552
4310 -1.99777 0.999544
4410 -1.99764 0.999511
4510 -1.99775 0.999533
4610 -1.99777 0.999544
4710 -1.99776 0.999539
4810 -1.99751 0.999464
4910 -1.99736 0.999424
5010 -1.99736 0.99942
5110 -1.99752 0.999464
5210 -1.9976 0.999487
5310 -1.99759 0.999478
5410 -1.99757 0.999472
5510 -1.99748 0.999448
5610 -1.99746 0.999439
5710 -1.99742 0.999426
5810 -1.99771 0.9995
5910 -1.99735 0.999409
6010 -1.99774 0.999509
6110 -1.99746 0.999437
6210 -1.99773 0.999502
6310 -1.99743 0.999419
6410 -1.99734 0.999401
6510 -1.99734 0.999392
6610 -1.99771 0.999493
6710 -1.99748 0.999426
6810 -1.99759 0.999455
6910 -1.99756 0.999452
7010 -1.99751 0.999439
7110 -1.99718 0.999348
7210 -1.99744 0.999417
7310 -1.99738 0.999398
7410 -1.99726 0.999369
7510 -1.99757 0.999447
7610 -1.99727 0.999363
7710 -1.99746 0.999418
7810 -1.99751 0.999428
7910 -1.99753 0.999434
8010 -1.99738 0.999396
8110 -1.99737 0.999388
8210 -1.99713 0.999326
8310 -1.9975 0.999422
8410 -1.99733 0.999375
8510 -1.99734 0.99938
8610 -1.99758 0.999436
8710 -1.9973 0.999367
8810 -1.99736 0.999381
8910 -1.99744 0.999406
9010 -1.9974 0.999392
9110 -1.99727 0.999357
9210 -1.99719 0.999334
9310 -1.99746 0.999409
9410 -1.99737 0.999382
9510 -1.99741 0.999391
9610 -1.99742 0.999394
9710 -1.99729 0.999358
9810 -1.99735 0.999372
9910 -1.99737 0.999377
10010 -1.9974 0.999391
10110 -1.99749 0.999406
10210 -1.99749 0.99941
10310 -1.99732 0.999365
10410 -1.99739 0.999379
10510 -1.99724 0.999342
10610 -1.99728 0.999354
10710 -1.9974 0.999385
10810 -1.99744 0.999392
10910 -1.99727 0.999346
11010 -1.99729 0.999352
11110 -1.99732 0.999359
11210 -1.99713 0.99931
11310 -1.99735 0.999367
11410 -1.99752 0.999414
11510 -1.99731 0.999354
11610 -1.99733 0.999364
11710 -1.9975 0.999404
11810 -1.99725 0.99934
11910 -1.99729 0.999351
12010 -1.99698 0.999268
12110 -1.99728 0.999343
12210 -1.99765 0.999442
12310 -1.99725 0.999337
12410 -1.99728 0.999345
12510 -1.99736 0.999367
12610 -1.99734 0.999357
12710 -1.99748 0.999393
12810 -1.9973 0.999352
12910 -1.99753 0.999411
13010 -1.99736 0.999365
13110 -1.99731 0.999349
13210 -1.99739 0.999366
13310 -1.99726 0.999335
13410 -1.99734 0.999358
13510 -1.99722 0.999329
13610 -1.99726 0.999338
13710 -1.99735 0.999361
13810 -1.99732 0.99935
13910 -1.99729 0.999345
14010 -1.99741 0.999374
14110 -1.99737 0.999364
14210 -1.99731 0.99935
14310 -1.9972 0.99932
14410 -1.99717 0.999312
14510 -1.99745 0.999385
14610 -1.99731 0.999347
14710 -1.99716 0.999313
14810 -1.99732 0.999349
14910 -1.99732 0.99935
15010 -1.99723 0.999328
15110 -1.99721 0.999318
15210 -1.99722 0.999325
15310 -1.99734 0.999356
15410 -1.99728 0.999337
15510 -1.99728 0.999339
15610 -1.99742 0.999374
15710 -1.99746 0.999387
15810 -1.99735 0.999357
15910 -1.99728 0.999334
16010 -1.99722 0.999323
16110 -1.99739 0.999365
16210 -1.99717 0.999309
16310 -1.9972 0.999316
16410 -1.99732 0.999348
16510 -1.99707 0.999282
16610 -1.99735 0.999354
16710 -1.99724 0.999325
16810 -1.99713 0.999298
16910 -1.99723 0.999323
17010 -1.99731 0.999343
17110 -1.99737 0.999361
17210 -1.99733 0.999346
17310 -1.99728 0.999335
17410 -1.99716 0.999303
17510 -1.99748 0.999388
17610 -1.99729 0.999338
17710 -1.99703 0.999269
17810 -1.99746 0.999378
17910 -1.99727 0.999332
18010 -1.99717 0.999303
18110 -1.9974 0.999366
18210 -1.99733 0.999347
18310 -1.99729 0.999336
18410 -1.99727 0.99933
18510 -1.99724 0.999321
18610 -1.99725 0.999324
18710 -1.9973 0.999338
18810 -1.99716 0.999301
18910 -1.99724 0.99932
19010 -1.99723 0.999319
19110 -1.99739 0.999357
19210 -1.997 0.999262
19310 -1.99725 0.999322
19410 -1.99713 0.999293
19510 -1.99725 0.999326
19610 -1.99736 0.999352
19710 -1.99732 0.999339
19810 -1.99723 0.999318
19910 -1.99727 0.999328
20010 -1.99724 0.999322
20110 -1.99728 0.999332
20210 -1.99731 0.999338
20310 -1.99729 0.999333
20410 -1.99722 0.999316
20510 -1.99728 0.99933
20610 -1.99733 0.999343
20710 -1.99716 0.999299
20810 -1.99725 0.999321
20910 -1.99725 0.999322
21010 -1.99718 0.999307
21110 -1.99722 0.999313
21210 -1.9972 0.999308
21310 -1.99719 0.999305
21410 -1.99717 0.9993
21510 -1.99735 0.999351
21610 -1.99732 0.999338
21710 -1.99723 0.99932
21810 -1.99723 0.999319
21910 -1.99722 0.999314
22010 -1.99725 0.999323
22110 -1.99726 0.999324
22210 -1.99729 0.999333
22310 -1.99728 0.999328
22410 -1.9973 0.999336
22510 -1.99718 0.999304
22610 -1.99721 0.999312
22710 -1.99715 0.999293
22810 -1.99725 0.999319
22910 -1.99721 0.999312
23010 -1.99718 0.999301
23110 -1.99732 0.999337
23210 -1.99734 0.999343
23310 -1.99736 0.999348
23410 -1.99725 0.999321
23510 -1.99727 0.999328
23610 -1.99733 0.99934
23710 -1.99723 0.999314
23810 -1.99719 0.999305
23910 -1.99719 0.999302
24010 -1.99729 0.99933
24110 -1.99749 0.99938
24210 -1.99727 0.999322
24310 -1.99732 0.999335
24410 -1.99733 0.999337
24510 -1.99727 0.999323
24610 -1.99735 0.999344
24710 -1.99727 0.999322
24810 -1.99729 0.99933
24910 -1.99719 0.999302
25010 -1.99736 0.999344
25110 -1.99727 0.999322
25210 -1.99725 0.999317
25310 -1.99725 0.999318
25410 -1.9973 0.999331
25510 -1.99722 0.999312
25610 -1.99713 0.999288
25710 -1.99732 0.999335
25810 -1.99709 0.999278
25910 -1.99721 0.999306
26010 -1.99714 0.999285
26110 -1.99714 0.99929
26210 -1.99722 0.999311
26310 -1.99712 0.999283
26410 -1.99721 0.999306
26510 -1.9973 0.999329
26610 -1.99726 0.999318
26710 -1.99722 0.999306
26810 -1.99732 0.999336
26910 -1.99723 0.999311
27010 -1.99738 0.999349
27110 -1.99729 0.999326
27210 -1.99714 0.999287
27310 -1.99724 0.999315
27410 -1.99724 0.999315
27510 -1.99714 0.999289
27610 -1.99718 0.999297
27710 -1.99727 0.999324
27810 -1.99722 0.999311
27910 -1.99714 0.99929
28010 -1.9973 0.999329
28110 -1.99726 0.99932
28210 -1.99717 0.999293
28310 -1.99728 0.999325
28410 -1.99722 0.999307
28510 -1.99716 0.999293
28610 -1.99729 0.999328
28710 -1.99729 0.999325
28810 -1.99726 0.999322
28910 -1.99722 0.999307
29010 -1.99726 0.999318
29110 -1.99717 0.999294
29210 -1.99712 0.999281
29310 -1.99723 0.99931
29410 -1.99725 0.999319
29510 -1.99721 0.999304
29610 -1.9972 0.999302
29710 -1.9972 0.999301
29810 -1.99724 0.999311
29910 -1.99718 0.999298
