299
10 -1.361 0.215
110 -1.88218 0.844227
210 -1.93752 0.918214
310 -1.95723 0.944484
410 -1.97778 0.980207
510 -1.98151 0.983931
610 -1.98425 0.986492
710 -1.98607 0.988296
810 -1.987 0.989506
910 -1.98816 0.990593
1010 -1.98912 0.99147
1110 -1.98981 0.992167
1210 -1.9905 0.992777
1310 -1.98584 0.983821
1410 -1.98657 0.984897
1510 -1.98716 0.985821
1610 -1.98786 0.986674
1710 -1.75173 0.30005
1810 -1.7653 0.338685
1910 -1.77729 0.37323
2010 -1.78823 0.404378
2110 -1.98889 0.98795
2210 -1.98923 0.988455
2310 -1.98949 0.9889
2410 -1.99083 0.98934
2510 -1.99117 0.989759
2610 -1.99147 0.992209
2710 -1.99174 0.992485
2810 -1.99194 0.99273
2910 -1.96919 0.929328
3010 -1.97014 0.931658
3110 -1.94048 0.824558
3210 -1.94224 0.83
3310 -1.98856 0.983932
3410 -1.98882 0.984386
3510 -1.99386 0.994882
3610 -1.994 0.995015
3710 -1.99136 0.990194
3810 -1.99149 0.990425
3910 -1.99314 0.993949
4010 -1.99357 0.994372
4110 -1.99369 0.994501
4210 -1.99352 0.993876
4310 -1.99416 0.99564
4410 -1.99424 0.995727
4510 -1.99433 0.995715
4610 -1.99479 0.995747
4710 -1.99488 0.995831
4810 -1.99477 0.996577
4910 -1.95134 0.847742
5010 -1.99543 0.997855
5110 -1.99547 0.997883
5210 -1.99499 0.996595
5310 -1.9938 0.993919
5410 -1.99566 0.997783
5510 -1.99524 0.996909
5610 -1.99525 0.996947
5710 -1.99592 0.998515
5810 -1.9847 0.966954
5910 -1.99501 0.995923
6010 -1.99271 0.991233
6110 -1.99462 0.995608
6210 -1.99284 0.991124
6310 -1.99523 0.996466
6410 -1.99406 0.994049
6510 -1.99591 0.997783
6610 -1.99538 0.996992
6710 -1.99463 0.995699
6810 -1.99449 0.995389
6910 -1.98703 0.972915
7010 -1.99459 0.995757
7110 -1.995 0.996996
7210 -1.99349 0.992083
7310 -1.99566 0.997267
7410 -1.9757 0.938652
7510 -1.99465 0.995419
7610 -1.99461 0.995424
7710 -1.99581 0.997576
7810 -1.93553 0.799618
7910 -1.99512 0.996288
8010 -1.98816 0.972881
8110 -1.99517 0.99718
8210 -1.98327 0.962549
8310 -1.99569 0.997829
8410 -1.98647 0.968419
8510 -1.99575 0.997222
8610 -1.93694 0.822843
8710 -1.99561 0.997444
8810 -1.99579 0.997393
8910 -1.99634 0.998409
9010 -1.99432 0.993686
9110 -1.99547 0.997272
9210 -1.9942 0.993757
9310 -1.97692 0.954759
9410 -1.99329 0.991084
9510 -1.94293 0.825161
9610 -1.99618 0.997988
9710 -1.99445 0.994098
9810 -1.99565 0.996988
9910 -1.93785 0.799269
10010 -1.99605 0.997922
10110 -1.99487 0.996183
10210 -1.99496 0.995241
10310 -1.94508 0.83498
10410 -1.96416 0.900858
10510 -1.99564 0.996973
10610 -1.99519 0.995785
10710 -1.99536 0.995921
10810 -1.99596 0.997756
10910 -1.99043 0.985423
11010 -1.98827 0.98017
11110 -1.99611 0.998046
11210 -1.9953 0.996826
11310 -1.98845 0.977222
11410 -1.99551 0.996852
11510 -1.99599 0.997673
11610 -1.99169 0.984934
11710 -1.99205 0.986657
11810 -1.99545 0.996242
11910 -1.96167 0.88292
12010 -1.99619 0.998239
12110 -1.99592 0.997646
12210 -1.99635 0.998548
12310 -1.99619 0.9978
12410 -1.99613 0.998076
12510 -1.99613 0.998036
12610 -1.99382 0.990671
12710 -1.99645 0.998757
12810 -1.96751 0.919226
12910 -1.98283 0.95802
13010 -1.99419 0.993612
13110 -1.99363 0.991822
13210 -1.99537 0.995847
13310 -1.99637 0.998499
13410 -1.99635 0.9981
13510 -1.96083 0.894736
13610 -1.99608 0.997137
13710 -1.99627 0.998062
13810 -1.99634 0.997998
13910 -1.99357 0.990293
14010 -1.9964 0.998399
14110 -1.99659 0.998594
14210 -1.99656 0.99875
14310 -1.99589 0.997253
14410 -1.99573 0.997036
14510 -1.99231 0.988167
14610 -1.98239 0.952747
14710 -1.99646 0.998655
14810 -1.99593 0.997353
14910 -1.99575 0.996724
15010 -1.9889 0.972606
15110 -1.99616 0.998058
15210 -1.99592 0.997294
15310 -1.98006 0.943057
15410 -1.99654 0.998645
15510 -1.99669 0.998739
15610 -1.99637 0.99802
15710 -1.99547 0.996101
15810 -1.99236 0.98866
15910 -1.99646 0.998492
16010 -1.99677 0.998833
16110 -1.9963 0.997556
16210 -1.99652 0.998292
16310 -1.99057 0.98596
16410 -1.99573 0.996797
16510 -1.99651 0.998318
16610 -1.99663 0.998822
16710 -1.99634 0.998372
16810 -1.97323 0.925526
16910 -1.99646 0.998261
17010 -1.99653 0.998514
17110 -1.99623 0.997985
17210 -1.99636 0.998269
17310 -1.99618 0.997845
17410 -1.99653 0.998335
17510 -1.99625 0.997551
17610 -1.99654 0.998708
17710 -1.98888 0.975782
17810 -1.98555 0.96447
17910 -1.99634 0.997916
18010 -1.99551 0.995966
18110 -1.99581 0.997605
18210 -1.99618 0.997995
18310 -1.99602 0.997376
18410 -1.99647 0.998131
18510 -1.99546 0.995541
18610 -1.99628 0.998143
18710 -1.99677 0.998826
18810 -1.99587 0.99721
18910 -1.99637 0.998384
19010 -1.99622 0.997342
19110 -1.99654 0.998801
19210 -1.99632 0.99823
19310 -1.99637 0.997983
19410 -1.99631 0.998475
19510 -1.99638 0.998249
19610 -1.99654 0.998442
19710 -1.99269 0.987735
19810 -1.99666 0.998752
19910 -1.99662 0.998661
20010 -1.9957 0.996437
20110 -1.9906 0.981552
20210 -1.99072 0.980087
20310 -1.99192 0.983988
20410 -1.99643 0.998401
20510 -1.99647 0.998557
20610 -1.98887 0.976137
20710 -1.99651 0.998154
20810 -1.99666 0.998723
20910 -1.99679 0.998928
21010 -1.99571 0.99683
21110 -1.99644 0.998267
21210 -1.99692 0.999035
21310 -1.99688 0.999044
21410 -1.99655 0.998152
21510 -1.98899 0.978327
21610 -1.99642 0.998118
21710 -1.99669 0.998381
21810 -1.99667 0.998529
21910 -1.99699 0.998982
22010 -1.99024 0.976131
22110 -1.99661 0.998613
22210 -1.99642 0.99828
22310 -1.99654 0.998537
22410 -1.98596 0.962246
22510 -1.9965 0.99853
22610 -1.99674 0.998824
22710 -1.98455 0.963376
22810 -1.99349 0.989201
22910 -1.99621 0.997649
23010 -1.99656 0.99875
23110 -1.99641 0.997976
23210 -1.98621 0.965698
23310 -1.99214 0.984736
23410 -1.99368 0.990706
23510 -1.99661 0.998591
23610 -1.99551 0.996162
23710 -1.9968 0.998837
23810 -1.99255 0.985679
23910 -1.99653 0.99833
24010 -1.99685 0.998999
24110 -1.98077 0.945899
24210 -1.99683 0.998871
24310 -1.99638 0.998298
24410 -1.98504 0.960165
24510 -1.99481 0.994326
24610 -1.99639 0.997944
24710 -1.99648 0.998181
24810 -1.9874 0.971455
24910 -1.99674 0.998853
25010 -1.98432 0.955152
25110 -1.99685 0.998961
25210 -1.99401 0.992975
25310 -1.99643 0.998245
25410 -1.9964 0.998308
25510 -1.98442 0.957202
25610 -1.99675 0.99895
25710 -1.9936 0.989024
25810 -1.9969 0.998895
25910 -1.97994 0.944934
26010 -1.99684 0.998966
26110 -1.99685 0.999006
26210 -1.98457 0.96272
26310 -1.9967 0.99879
26410 -1.99646 0.998349
26510 -1.98724 0.970142
26610 -1.99653 0.998194
26710 -1.99638 0.997974
26810 -1.99636 0.998122
26910 -1.99661 0.998493
27010 -1.99677 0.999048
27110 -1.9968 0.998915
27210 -1.99372 0.991102
27310 -1.99673 0.99871
27410 -1.96758 0.909315
27510 -1.99474 0.993443
27610 -1.99327 0.98849
27710 -1.99648 0.998294
27810 -1.99688 0.999079
27910 -1.99659 0.998565
28010 -1.99371 0.98983
28110 -1.99428 0.992375
28210 -1.99674 0.999
28310 -1.99663 0.998602
28410 -1.98571 0.963972
28510 -1.99673 0.998793
28610 -1.99665 0.998526
28710 -1.99672 0.998696
28810 -1.99261 0.987561
28910 -1.98259 0.952049
29010 -1.99649 0.998079
29110 -1.99684 0.998949
29210 -1.99607 0.997177
29310 -1.99672 0.998802
29410 -1.99646 0.998192
29510 -1.99681 0.998972
29610 -1.98845 0.971239
29710 -1.99698 0.999044
29810 -1.99673 0.998804
29910 -1.99651 0.998186
