61
2.1 -1.6625 0.868884 0.868884 0.216381 0.103808 0.103808
2.255 -1.45551 0.673235 0.351752 0.384196 21.8784 1.48872
2.26 -1.44964 0.673933 -0.571932 0.366303 9.27481 1.48082
2.105 -1.6576 0.866825 0.866825 0.211251 0.0938443 0.0938443
2.265 -1.4332 0.639443 -0.380735 0.393762 17.6794 1.63466
2.11 -1.65008 0.861332 0.861332 0.21855 0.107837 0.107837
2.27 -1.43263 0.647722 0.0808426 0.383985 26.6129 1.72575
2.115 -1.64681 0.858628 0.858628 0.225783 0.132634 0.132634
2.275 -1.42155 0.626276 0.0478848 0.395429 25.1138 1.82328
2.12 -1.63998 0.853235 0.853235 0.236357 0.175269 0.175269
2.28 -1.39849 0.568162 0.0303042 0.409276 21.5 2.44151
2.125 -1.63525 0.852066 0.852066 0.231328 0.143824 0.143824
2.285 -1.40312 0.597932 0.513407 0.362727 7.47198 1.95876
2.13 -1.63175 0.850696 0.850696 0.231726 0.125763 0.125763
2.29 -1.38583 0.549816 0.276719 0.399685 15.6132 2.4804
2.135 -1.62684 0.848731 0.848731 0.22924 0.122764 0.122764
2.295 -1.37151 0.526744 0.0957138 0.382866 17.8533 2.37917
2.14 -1.61552 0.828469 -0.00279367 0.272201 53.0565 0.694928
2.3 -1.3758 0.552562 0.369207 0.370027 11.8872 2.22392
2.145 -1.61557 0.840737 0.840737 0.241935 0.149215 0.149215
2.305 -1.36428 0.543585 0.252166 0.353168 15.0644 1.9203
2.15 -1.61075 0.837384 0.837384 0.242523 0.16081 0.16081
2.31 -1.34556 0.480721 -0.113687 0.35221 14.7801 2.52092
2.155 -1.60146 0.827461 0.827461 0.260185 0.245067 0.245067
2.315 -1.33398 0.463282 -0.0900843 0.357856 13.978 2.47349
2.16 -1.59759 0.826267 0.826267 0.24746 0.201939 0.201939
2.32 -1.32872 0.453004 0.000652125 0.351064 13.9076 2.57395
2.165 -1.5908 0.820321 0.820321 0.260998 0.258099 0.258099
2.325 -1.31903 0.441645 0.105607 0.347126 12.4662 2.39677
2.17 -1.58613 0.820327 0.820327 0.254604 0.193917 0.193917
2.33 -1.30913 0.412021 0.0874927 0.333839 11.241 2.44073
2.335 -1.30725 0.421739 -0.0748275 0.313265 11.5336 2.26173
2.175 -1.57821 0.812906 0.812906 0.266513 0.246178 0.246178
2.34 -1.29054 0.380058 -0.0843045 0.304696 9.50011 2.17113
2.18 -1.57297 0.807622 0.807622 0.272631 0.294965 0.294965
2.345 -1.27695 0.346066 -0.0365832 0.277017 8.31883 2.05288
2.185 -1.5641 0.795165 0.79515 0.290977 0.613369 0.611711
2.35 -1.27211 0.335187 0.0366677 0.27108 7.87657 2.05293
2.19 -1.56151 0.80044 0.80044 0.268476 0.276634 0.276634
2.355 -1.27019 0.351221 0.0171767 0.27587 8.43223 2.03078
2.195 -1.55313 0.78714 0.78714 0.284565 0.520612 0.520612
2.36 -1.25865 0.333034 -0.0978222 0.265488 7.19797 1.97084
2.2 -1.54802 0.79096 0.790949 0.273726 0.324986 0.323857
2.365 -1.24997 0.306486 -0.105389 0.253283 6.0699 1.83379
2.205 -1.54426 0.788999 0.788999 0.271728 0.290464 0.290464
2.37 -1.24542 0.307611 0.0442069 0.252852 6.51415 1.81449
2.21 -1.5335 0.774871 0.774871 0.289257 0.397974 0.397974
2.375 -1.24141 0.309598 -0.0450192 0.247689 6.51533 1.79708
2.215 -1.53122 0.778563 0.778563 0.289678 0.319011 0.319011
2.38 -1.23398 0.304499 -0.00822015 0.243421 6.34879 1.72852
2.22 -1.52125 0.768757 0.768757 0.288395 0.346468 0.346468
2.385 -1.22999 0.292947 0.0233186 0.235164 5.85934 1.64253
2.225 -1.5025 0.720509 -0.0194763 0.36872 35.2912 1.42535
2.39 -1.21747 0.254462 0.0365396 0.220964 4.56061 1.45087
2.23 -1.50652 0.749303 0.749303 0.308819 0.551469 0.551469
2.395 -1.21108 0.244574 0.0318443 0.212753 4.26901 1.40948
2.235 -1.49374 0.736027 0.736003 0.32378 0.643051 0.640757
2.4 -1.20631 0.260631 0.0701795 0.212523 4.40398 1.36562
2.24 -1.48379 0.715991 0.30489 0.350014 27.6647 0.992894
2.245 -1.47344 0.698962 -0.252505 0.355883 27.8876 1.13117
2.25 -1.46424 0.687235 -0.424118 0.35485 19.4655 1.21013
