61
2.255 -1.45813 0.669708 0.665403 0.411747 3.57265 2.77254
2.1 -1.6609 0.867243 0.867243 0.213447 0.1159 0.1159
2.26 -1.43439 0.600696 -0.089685 0.440152 53.2473 4.56311
2.105 -1.65884 0.867451 0.867451 0.20699 0.0945604 0.0945604
2.265 -1.42626 0.594182 0.592658 0.438467 4.31595 4.06858
2.11 -1.6521 0.86284 0.86284 0.210929 0.110461 0.110461
2.27 -1.41778 0.568224 0.560688 0.467789 6.56127 5.40788
2.115 -1.64616 0.858669 0.858669 0.22592 0.131448 0.131448
2.275 -1.41399 0.596234 0.595991 0.413449 2.87364 2.83469
2.12 -1.64249 0.857479 0.857479 0.215235 0.111689 0.111689
2.28 -1.39676 0.527685 -0.20107 0.443291 36.6781 4.96928
2.125 -1.6376 0.854599 0.854599 0.222469 0.11581 0.11581
2.285 -1.39559 0.568595 0.016571 0.425947 45.9959 3.33852
2.13 -1.63208 0.850678 0.850678 0.225511 0.13716 0.13716
2.29 -1.39004 0.557346 0.0857907 0.401385 43.4128 3.71224
2.135 -1.62463 0.843447 0.843447 0.239315 0.215718 0.215718
2.295 -1.36231 0.451231 0.176719 0.411737 27.8799 5.51034
2.14 -1.61918 0.842165 0.842165 0.23021 0.158371 0.158371
2.3 -1.35247 0.429511 0.149782 0.397285 26.0934 5.24721
2.145 -1.61664 0.841992 0.841992 0.234796 0.144396 0.144396
2.305 -1.34859 0.434329 -0.0147471 0.404323 29.3576 5.32753
2.15 -1.61145 0.837483 0.837483 0.24017 0.168014 0.168014
2.31 -1.33863 0.418135 -0.0835388 0.377854 25.9925 4.76994
2.155 -1.60386 0.831348 0.831348 0.236765 0.201563 0.201563
2.315 -1.32301 0.358746 0.0603716 0.363266 20.4883 4.81377
2.16 -1.59875 0.827989 0.827989 0.250444 0.218076 0.218076
2.32 -1.32123 0.377846 0.101842 0.362854 21.0713 4.61908
2.165 -1.59287 0.822507 0.822507 0.252232 0.264624 0.264624
2.325 -1.31233 0.364621 0.078472 0.32467 19.7161 4.09545
2.17 -1.58657 0.81956 0.81956 0.247193 0.22487 0.22487
2.33 -1.30291 0.336645 0.21731 0.328663 12.614 4.53942
2.175 -1.5792 0.81237 0.81237 0.263828 0.269675 0.269675
2.335 -1.29318 0.308526 -0.00415099 0.315328 15.797 4.27151
2.18 -1.57097 0.804377 0.804377 0.272757 0.34167 0.34167
2.34 -1.28113 0.283405 -0.020212 0.270441 12.8793 3.28438
2.185 -1.56808 0.804885 0.804885 0.268182 0.275042 0.275042
2.345 -1.27583 0.262853 -0.0557628 0.26833 10.8618 3.00654
2.19 -1.55745 0.7901 0.7901 0.307263 0.55729 0.55729
2.35 -1.27155 0.268306 -0.0908679 0.268293 11.0671 3.54426
2.195 -1.55053 0.786347 0.786347 0.279739 0.396305 0.396305
2.355 -1.26105 0.245254 -0.0313094 0.254172 10.0549 3.12966
2.2 -1.54745 0.787228 0.787228 0.281395 0.336185 0.336185
2.36 -1.25771 0.254382 0.0863858 0.258901 9.61362 2.96991
2.205 -1.53859 0.776091 0.776091 0.300128 0.480627 0.480627
2.365 -1.24546 0.218868 0.00482749 0.239817 8.14794 2.6382
2.21 -1.53481 0.777472 0.777472 0.286015 0.362819 0.362819
2.37 -1.23881 0.203509 -0.026126 0.231034 7.03036 2.38242
2.215 -1.52394 0.763001 0.763001 0.300497 0.522942 0.522942
2.375 -1.23704 0.218643 -0.0702423 0.243415 7.50853 2.65776
2.22 -1.51927 0.761963 0.761963 0.302654 0.479672 0.479672
2.38 -1.22357 0.158987 0.0005687 0.212762 4.52119 1.68516
2.225 -1.50902 0.74683 0.74683 0.30291 0.661428 0.661428
2.385 -1.22491 0.207042 -0.0103831 0.224302 6.87353 2.11612
2.23 -1.49262 0.700264 0.70003 0.397804 3.25373 3.20605
2.39 -1.21523 0.174813 0.0289422 0.219415 5.3319 2.05255
2.235 -1.49074 0.718022 0.718022 0.349769 1.24443 1.24443
2.395 -1.20907 0.169106 0.00506214 0.20834 4.85001 1.72385
2.24 -1.48401 0.69915 -0.00253913 0.405603 72.8763 2.9814
2.4 -1.2047 0.180429 -0.0102363 0.200891 5.23632 1.71528
2.245 -1.47549 0.704991 0.704953 0.371171 1.50949 1.50181
2.25 -1.46441 0.685299 0.685299 0.345043 1.38515 1.38515
