61
2.1 -1.66196 0.868577 0.868577 0.19429 0.201122 0.201122
2.255 -1.45662 0.673033 0.673033 0.388558 5.34175 5.34175
2.105 -1.65751 0.866207 0.866207 0.195874 0.202525 0.202525
2.26 -1.44625 0.651097 0.651097 0.374552 7.18739 7.18739
2.11 -1.65239 0.863244 0.863244 0.195643 0.218075 0.218075
2.265 -1.42436 0.571957 -0.479494 0.463509 99.1988 15.5313
2.115 -1.64754 0.860106 0.860106 0.207578 0.241489 0.241489
2.27 -1.42968 0.63108 0.63108 0.351534 4.71781 4.71781
2.12 -1.6421 0.857226 0.857226 0.200777 0.229522 0.229522
2.275 -1.40433 0.51419 -0.111658 0.500415 238.488 24.5314
2.125 -1.63657 0.852439 0.852439 0.214418 0.330438 0.330438
2.28 -1.39114 0.468557 0.453406 0.471494 38.643 26.8573
2.13 -1.63115 0.849658 0.849658 0.208866 0.299434 0.299434
2.285 -1.38262 0.459516 0.368033 0.422197 83.1106 19.6541
2.135 -1.62642 0.847547 0.847547 0.212899 0.284678 0.284678
2.29 -1.3766 0.465104 0.0384324 0.407991 200.404 21.5005
2.14 -1.62112 0.843911 0.843911 0.20778 0.280368 0.280368
2.295 -1.36384 0.415158 0.342554 0.467974 74.2232 28.7126
2.145 -1.61592 0.840189 0.840189 0.220154 0.336794 0.336794
2.3 -1.34564 0.317128 0.0998077 0.377426 100.42 25.9492
2.15 -1.60994 0.836522 0.836522 0.223484 0.350746 0.350746
2.305 -1.33458 0.278108 -0.00446126 0.36322 85.8344 22.6945
2.155 -1.60416 0.83193 0.83193 0.231191 0.400663 0.400663
2.31 -1.33611 0.333271 0.0192421 0.376069 118.037 28.2299
2.16 -1.59789 0.827324 0.827324 0.227307 0.396197 0.396197
2.315 -1.31508 0.205679 0.0534723 0.303683 47.9913 16.1981
2.165 -1.59254 0.823411 0.823411 0.234631 0.53435 0.53435
2.32 -1.31462 0.257845 -0.0787922 0.318508 66.6366 18.3663
2.17 -1.58485 0.817033 0.817033 0.249839 0.554682 0.554682
2.325 -1.30275 0.221005 -0.122943 0.340908 47.0173 20.1809
2.175 -1.57854 0.81132 0.81132 0.258775 0.597279 0.597279
2.33 -1.29511 0.211966 -0.0150341 0.280053 50.2712 14.9307
2.18 -1.57173 0.805113 0.805113 0.272568 0.787491 0.787491
2.335 -1.28798 0.180716 0.0224659 0.289656 39.197 13.9407
2.185 -1.5682 0.804252 0.804252 0.257084 0.680145 0.680145
2.34 -1.27869 0.152252 -0.0294526 0.265133 28.9196 11.505
2.19 -1.56157 0.800664 0.800664 0.248599 0.588316 0.588316
2.345 -1.27434 0.178358 0.0421798 0.270184 34.6895 11.3998
2.195 -1.554 0.793222 0.793222 0.270558 0.739644 0.739644
2.35 -1.26753 0.152695 0.0469118 0.26036 26.7052 10.4351
2.2 -1.54619 0.783918 0.783918 0.28934 1.13518 1.13518
2.355 -1.25954 0.156738 -0.0162718 0.241941 27.2934 8.68669
2.205 -1.54026 0.779859 0.779859 0.265513 0.913611 0.913611
2.36 -1.25306 0.137869 -0.04362 0.246262 21.7553 8.74197
2.21 -1.53229 0.772469 0.772469 0.285057 1.07118 1.07118
2.365 -1.24534 0.121442 0.00452249 0.230912 17.2304 6.09665
2.37 -1.2389 0.123311 -0.0160417 0.224221 17.7678 6.53868
2.215 -1.52347 0.760394 0.760394 0.295501 1.47007 1.47007
2.375 -1.23233 0.111318 0.0117451 0.225817 15.01 5.863
2.22 -1.51459 0.748862 0.748862 0.312588 1.70924 1.70924
2.38 -1.22721 0.108733 -0.00802311 0.21429 13.8781 5.15595
2.225 -1.50732 0.73981 0.73981 0.337522 2.39719 2.39719
2.385 -1.21913 0.103741 -0.00666238 0.217664 12.4574 4.55724
2.23 -1.50249 0.740593 0.740593 0.315697 1.73353 1.73353
2.39 -1.21668 0.120438 0.0324464 0.211725 15.3298 5.47579
2.235 -1.49171 0.72438 0.72438 0.327205 2.24784 2.24784
2.395 -1.21114 0.108115 -0.0112396 0.216925 13.6481 5.23153
2.24 -1.48138 0.709024 0.709024 0.342935 2.71717 2.71717
2.4 -1.20608 0.107141 -0.00504079 0.196645 13.3601 5.07462
2.245 -1.47316 0.695866 0.695866 0.337864 3.68325 3.68325
2.25 -1.46113 0.658314 0.658314 0.413912 9.39369 9.39369
