61
2.255 -1.45221 0.649608 0.649608 0.410378 3.64549 3.64549
2.1 -1.66182 0.868509 0.868509 0.198381 0.101537 0.101537
2.26 -1.44256 0.635276 0.635237 0.456973 4.162 4.14986
2.105 -1.65685 0.865672 0.865672 0.210945 0.102103 0.102103
2.265 -1.43151 0.589842 0.584708 0.460677 10.2496 8.7834
2.11 -1.65249 0.863003 0.863003 0.209597 0.106417 0.106417
2.27 -1.4214 0.579479 0.57857 0.481793 6.87688 6.62326
2.115 -1.64714 0.859832 0.859832 0.207073 0.108928 0.108928
2.275 -1.40407 0.500895 -0.0538258 0.488834 70.3925 11.1404
2.12 -1.64271 0.857952 0.857952 0.211428 0.11158 0.11158
2.28 -1.3981 0.527299 -0.427068 0.439438 30.5129 7.85812
2.125 -1.63759 0.854647 0.854647 0.212751 0.121694 0.121694
2.285 -1.38185 0.456394 -0.187834 0.485235 51.1655 10.5477
2.13 -1.63177 0.850788 0.850788 0.221395 0.130914 0.130914
2.29 -1.36457 0.381 0.0721065 0.412385 42.1112 9.53895
2.135 -1.62665 0.846429 0.846429 0.221305 0.165373 0.165373
2.295 -1.35546 0.353055 -0.295433 0.395602 18.5364 9.91571
2.14 -1.62178 0.843944 0.843944 0.222745 0.145294 0.145294
2.3 -1.348 0.365402 0.248455 0.367833 24.4693 8.05116
2.145 -1.61449 0.836738 0.836738 0.232126 0.223024 0.223024
2.305 -1.33765 0.329092 -0.118545 0.376626 29.4154 8.04705
2.15 -1.60972 0.836051 0.836051 0.230476 0.166604 0.166604
2.31 -1.33298 0.322261 0.024814 0.341961 30.8848 7.68065
2.155 -1.60507 0.832863 0.832863 0.233519 0.175818 0.175818
2.315 -1.32332 0.322484 0.203694 0.367371 21.6698 7.74181
2.16 -1.59756 0.826052 0.826052 0.240632 0.239066 0.239066
2.165 -1.59118 0.822628 0.822628 0.245443 0.197839 0.197839
2.32 -1.3153 0.298967 0.0553523 0.298358 24.5618 5.49289
2.17 -1.58641 0.819593 0.819593 0.242074 0.217789 0.217789
2.325 -1.30729 0.280754 0.0883933 0.320915 22.1147 6.56208
2.175 -1.57939 0.813262 0.813262 0.24694 0.231356 0.231356
2.33 -1.29501 0.239168 -0.0600779 0.294709 17.0542 5.41671
2.18 -1.57259 0.806385 0.806385 0.271415 0.334574 0.334574
2.335 -1.28761 0.226249 -0.0552348 0.282461 15.1432 4.77936
2.185 -1.56586 0.801526 0.801526 0.267922 0.303685 0.303685
2.34 -1.27788 0.198 -0.0575582 0.280917 12.585 4.92367
2.19 -1.56185 0.799014 0.799014 0.273004 0.377033 0.377033
2.345 -1.27519 0.232865 -0.0389758 0.269126 15.8789 4.72379
2.195 -1.55141 0.786881 0.786881 0.280775 0.47849 0.47849
2.35 -1.26952 0.211327 -0.0305139 0.267536 13.3148 4.13849
2.2 -1.54706 0.786682 0.786682 0.270236 0.331191 0.331191
2.355 -1.25961 0.18159 -0.00244586 0.248353 10.4841 3.62417
2.205 -1.54078 0.781779 0.781779 0.277111 0.425099 0.425099
2.36 -1.25446 0.179294 -0.031744 0.245198 9.37072 2.94629
2.21 -1.5316 0.769556 0.769556 0.289243 0.619937 0.619937
2.365 -1.24518 0.151497 -0.0163046 0.228467 6.97494 2.33401
2.215 -1.5269 0.76801 0.76801 0.301009 0.514921 0.514921
2.37 -1.24055 0.142857 0.0396208 0.226298 6.18329 2.36181
2.22 -1.51593 0.755364 0.755364 0.296279 0.534217 0.534217
2.375 -1.23453 0.156449 -0.00225273 0.221214 7.47816 2.55574
2.225 -1.5065 0.738276 0.738276 0.320758 1.02699 1.02699
2.38 -1.22787 0.147175 -0.0225351 0.224197 6.5959 2.37664
2.23 -1.50069 0.734293 0.734293 0.324742 1.02181 1.02181
2.385 -1.22119 0.152958 -0.0189898 0.218155 7.08491 2.52845
2.235 -1.48752 0.705044 0.705044 0.380261 2.30122 2.30122
2.39 -1.21455 0.135966 0.0228566 0.2022 5.50606 1.98235
2.24 -1.48315 0.715576 0.715576 0.329534 0.94438 0.94438
2.395 -1.20891 0.12933 -0.0104411 0.200021 5.17107 1.93874
2.245 -1.47073 0.689522 0.689522 0.3564 1.51778 1.51778
2.4 -1.20517 0.139218 -0.00990121 0.209471 5.83356 2.11372
2.25 -1.46707 0.692737 0.692737 0.354344 1.37195 1.37195
